*Vertices 119
257 "com.xtremeplayer"
494 "photo.view.hd.gallery"
3172 "player.videoaudio.hd"
3174 "com.kmplayer"
3198 "com.tr.videoplayer3"
3199 "video.audio.mp3.player.editor"
3200 "com.insaapps.FullHDVideoPlayer"
3206 "video.player.mediaplayer.hdvideoplayer"
3207 "dflip.xx.highquality.videoplayer"
3208 "com.elift.hdplayer"
3211 "com.nimblesoft.equalizervideo"
3245 "com.mbapp.video"
3247 "video.player.audioplayer.music.pro"
3248 "com.videoplayers.AllVideoplayerHD"
3251 "com.utilityapps.videoplayerhd"
3252 "jsn.hdvideoplayer"
3255 "audio.video.player.hd.cutter"
3269 "tv.dyndns.piet5211.rempotatoclient"
3298 "com.mediaapp.hdmovieplayervideoplayer"
3309 "air.air.com.jessoft.flvplayer.FLVPlayer"
3315 "yong.media.hd.universal.player"
3356 "com.sal.hdplaytubevideo"
3357 "video.ex.hd"
3361 "hd.download.video"
3363 "com.wierashang.hd.video.player.android"
3367 "com.xvideostudio.videoeditorpro"
3368 "com.quvideo.xiaoying.pro"
3995 "com.depakstud.topfunny.videos"
3996 "com.kiks.pakistanifunnyvideos"
4035 "com.axion.hdvidoebrowser.hdvideobrowser"
4045 "com.aslanmobil.yayin"
5022 "com.besthdvideo.editor.cutter.converter.pstr"
5038 "com.cc.videoplayerhd"
5081 "com.sva.mediaplayer.hdvideoplayer"
5088 "com.fast.hdvideo.converterapp.pstr"
5093 "com.rs.fmmob"
18541 "com.temurapps.Football.Live.Streaming"
18566 "com.AlexAlexief.iptv"
18568 "com.rec.screen"
18570 "us.rec.screen"
18575 "creativephotovideo.screenrecorder"
18607 "videoplayer.mediaplayer.hdplayer.pro"
18682 "net.codejugglers.android.vlchd"
18715 "com.netgear.neotvremotehd"
18747 "com.fida.movie"
18755 "com.toolszoom.fourk.hd.video.max.video.player"
18776 "com.video.music.app.fullhd.video.player"
18821 "com.cmbiz_vevo.dootv.livehd"
18839 "com.myapp.pretty77hd"
18866 "com.kusote.videoplayer.proplus"
18898 "ccom.hdplayervideo.skachatvideoplayer"
18899 "com.lalokopapps.hdvideoplayers"
18902 "dotcom.hdvideoplayer"
18908 "com.jehanapps.hdvideoplayer"
18909 "com.gamexstudio.video.player.hd.flv.ac.mp"
18932 "com.lisiiapps.hdlatetst.video.player"
18933 "com.appmafia.hdvideoplayer"
18955 "com.resizeable.video.player.equalizer"
18961 "com.video.downloader.hd.downloader.pro.videodownloader.global"
18974 "air.air.com.jessoft.flvplayer.MP4Player"
18988 "com.larscolli.offline.videoplayerhd"
19032 "com.cmsvideos.mplayerhd.videoplayerhdfree"
19037 "com.larscolli.maxvideo.hdplayer"
19040 "com.nimblesoft.equalizervideo.pay"
19042 "com.hdvideo.player"
19045 "net.codejugglers.android.vlchd.pro"
19063 "com.mediatech.videoplayer"
19064 "com.abhishek.videoplayer"
19066 "com.video.hdvidplayerxx"
19074 "com.jfl.wdmobhd"
19117 "com.vihn.hdmovieplayer.hdvideoplayer.playerhd"
19118 "com.panti.hdmovieplayer"
19119 "com.mediatech.hdmovieplayer"
19120 "com.hook.hd.movie.player"
19121 "com.gamexstudioapp.hd.movie.player"
19122 "com.photovideo.hdvideoplayer"
19123 "destiny.hdvideoplayer"
19175 "advance.video.audio.player.logics"
19181 "com.sherpa_technologies.plussh"
19199 "app.VideoPlayerSnapHD.VideoDownloaderPlayer"
19200 "com.tubeplayer.t3"
19204 "com.akmob.videodownloader"
19208 "com.wFlashDownloaderHD"
19220 "kx.hd.media.player"
19221 "com.hedonistic.wmvhdplayer"
19235 "com.supersimpleapps.videoplayer"
19240 "jp.mediaplayer.video.qvodplayer"
19241 "com.hook.hd.videoplayer.hd.mediaplayer"
19242 "com.audiodev.hdmediaplayer.fourkplayer"
19283 "com.playtube.videos"
19289 "com.funappsdevloper.video.videodownloader"
21345 "com.thieye.hd.app"
21383 "com.mcu.GuardingExpertHD"
21386 "com.mcu.iVMSHD"
21387 "com.ivms.hw.HD"
21406 "com.scsoftware.usalivewebcameras"
21411 "com.nipponantenna.hdeasyicam"
21476 "fast.slow.audio.video.player"
21570 "com.toolszoom.uhd.fourk.hdfourkvideoplayer"
21588 "com.brown.fourk.video.player.ultra.hd"
21648 "vaibros.company.funnyvideos"
21683 "com.wwwmmmmin.wLive_Mecca"
21719 "com.hd.turkiyemobesehd"
21752 "com.leyinetwork.longan.slidemaker"
21782 "com.brown.fullhd.videoplayer"
21783 "com.secretapplock.hdvideoplayer"
21784 "max.zzz.redtheme.os.video.player"
21788 "com.adree.moviebrowser"
21792 "com.video.all.player"
21794 "com.faahb.videoplayer"
21802 "com.hd.video.downloader.video.trimer.downloader.free.roshanappss"
21819 "com.hdmobiltvkeyfi"
26379 "pstr.maker.video.reverse.com.reversevideo"
26473 "com.topten.videoplayer3d"
26474 "videomaker.hdvideoplayer"
26672 "com.radio.tv.maroc.hd.meb"
26722 "com.swann.www"
26724 "com.SwannViewProHD.ui"
26728 "com.owlhd"
*Arcs
257 3309
257 3208
257 3200
257 3174
257 3211
257 3198
257 3172
257 3199
257 3206
3172 3255
3172 3208
3172 3200
3172 3174
3172 3245
3172 3211
3172 3198
3172 3251
3172 3248
3172 3207
3172 3252
3172 3199
3172 3206
3174 3255
3174 3208
3174 3200
3174 3245
3174 3211
3174 3198
3174 3251
3174 3248
3174 3207
3174 3252
3174 3172
3174 3199
3174 3206
3198 3255
3198 3208
3198 3200
3198 3174
3198 3245
3198 3211
3198 3251
3198 3248
3198 3367
3198 3207
3198 3252
3198 3172
3198 3199
3198 3206
3199 3208
3199 3200
3199 3174
3199 3245
3199 3211
3199 3198
3199 3251
3199 3248
3199 3367
3199 3207
3199 3252
3199 3172
3199 3206
3200 18933
3200 5038
3200 3208
3200 3174
3200 18932
3200 3245
3200 3211
3200 3198
3200 3251
3200 3248
3200 3207
3200 18902
3200 3252
3200 3172
3200 3199
3200 3206
3206 3208
3206 3200
3206 3174
3206 3245
3206 3211
3206 3198
3206 3251
3206 3248
3206 3367
3206 3207
3206 3252
3206 3172
3206 3199
3207 3309
3207 3208
3207 5088
3207 3200
3207 3174
3207 3245
3207 3211
3207 3198
3207 3248
3207 3252
3207 3172
3207 3199
3207 3206
3208 3200
3208 3174
3208 3245
3208 3211
3208 3198
3208 3248
3208 3367
3208 3207
3208 3252
3208 3172
3208 3199
3208 3206
3211 5038
3211 3208
3211 3200
3211 3174
3211 3245
3211 18955
3211 3198
3211 3251
3211 3248
3211 3207
3211 3252
3211 3172
3211 3199
3211 3206
3245 3208
3245 3200
3245 3174
3245 3211
3245 3198
3245 3251
3245 3367
3245 3207
3245 3252
3245 3172
3245 3199
3245 3206
3247 18974
3247 5038
3247 3200
3247 18866
3247 3245
3247 3211
3247 19040
3247 3198
3247 3251
3247 3248
3247 3207
3247 3252
3247 3172
3247 3199
3247 3206
3247 18607
3248 3255
3248 18933
3248 5038
3248 3208
3248 19042
3248 3200
3248 3174
3248 18932
3248 3245
3248 3211
3248 3198
3248 3251
3248 3207
3248 3252
3248 3172
3248 3199
3248 3206
3251 18933
3251 3208
3251 3200
3251 3174
3251 3245
3251 3211
3251 18955
3251 3198
3251 3248
3251 3207
3251 3252
3251 3172
3251 3199
3251 3247
3251 3206
3252 18933
3252 3208
3252 19042
3252 3200
3252 3174
3252 3245
3252 3211
3252 18955
3252 3198
3252 3251
3252 3248
3252 3207
3252 3172
3252 3199
3252 3206
3255 3208
3255 3200
3255 3174
3255 3245
3255 3211
3255 3198
3255 3248
3255 3207
3255 3252
3255 3172
3255 3199
3255 3206
3255 3315
3269 18898
3269 3208
3269 3200
3269 3174
3269 3199
3269 3206
3298 18974
3298 18933
3298 5038
3298 18747
3298 19121
3298 19042
3298 19120
3298 3200
3298 18908
3298 18932
3298 3245
3298 19119
3298 3211
3298 19118
3298 19122
3298 3198
3298 3248
3298 19117
3298 257
3298 19123
3298 3207
3298 3252
3298 3172
3298 3199
3298 3247
3298 3206
3298 18607
3309 18974
3309 3208
3309 3174
3309 3245
3309 3211
3309 3198
3309 3363
3309 3207
3309 3172
3309 3199
3309 3206
3315 3255
3315 3208
3315 3200
3315 3174
3315 3245
3315 3211
3315 3198
3315 3248
3315 257
3315 3207
3315 3252
3315 3172
3315 3199
3315 3206
3356 19283
3356 18961
3356 3363
3356 3361
3356 3357
3357 19283
3357 3356
3357 18961
3357 3363
3357 3361
3361 19289
3361 19283
3361 3368
3361 3356
3361 18961
3361 3363
3361 3357
3363 3309
3363 3208
3363 3245
3363 3356
3363 3361
3363 3357
3367 3368
3368 3367
3995 3208
3995 3200
3995 3996
3995 21648
3995 3199
3996 5022
3996 3995
3996 3368
3996 3367
3996 21648
4035 21788
4035 21782
4035 19289
4035 3174
4035 21783
4035 18961
4035 21784
4035 18570
4035 3357
5022 3368
5022 3367
5038 18898
5038 18933
5038 3208
5038 19042
5038 3200
5038 3174
5038 3245
5038 3211
5038 3198
5038 3251
5038 3248
5038 3207
5038 18902
5038 3252
5038 3172
5038 3199
5038 3247
5038 3206
5038 26474
5081 3309
5081 18974
5081 3208
5081 3200
5081 3174
5081 3245
5081 3211
5081 19235
5081 3198
5081 3248
5081 19123
5081 3207
5081 3252
5081 3172
5081 3199
5081 3247
5081 3206
5081 18607
5088 5022
5088 3208
5088 3368
5088 3367
5088 3207
5088 3172
5093 3996
18541 19175
18541 19181
18541 257
18568 18575
18568 18570
18570 18568
18570 18575
18575 18568
18575 18570
18607 3309
18607 18974
18607 18933
18607 5038
18607 19042
18607 3200
18607 18866
18607 3245
18607 3211
18607 19040
18607 19235
18607 5081
18607 3198
18607 3248
18607 19123
18607 3207
18607 3252
18607 3172
18607 3199
18607 3247
18607 3206
18607 26474
18682 3255
18682 3208
18682 3200
18682 3174
18682 3211
18682 3198
18682 3248
18682 3172
18682 3199
18682 3315
18747 19204
18747 3208
18747 19289
18747 21802
18747 3298
18747 3356
18747 21783
18747 18961
18747 3361
18747 3199
18747 3357
18755 19064
18755 18933
18755 5038
18755 19042
18755 3200
18755 19037
18755 3245
18755 3211
18755 19122
18755 18955
18755 21570
18755 3198
18755 3251
18755 3248
18755 19123
18755 3207
18755 3252
18755 3172
18755 3199
18755 3247
18755 3206
18755 26474
18776 3255
18776 18933
18776 5038
18776 19042
18776 3200
18776 18908
18776 19037
18776 18932
18776 3245
18776 3211
18776 19122
18776 18955
18776 26473
18776 3198
18776 19066
18776 3248
18776 3207
18776 18902
18776 3252
18776 3172
18776 3206
18776 26474
18776 18607
18839 3269
18866 18974
18866 18933
18866 5038
18866 18909
18866 19042
18866 3200
18866 18932
18866 3245
18866 3211
18866 19040
18866 3198
18866 3251
18866 3248
18866 3207
18866 3252
18866 3172
18866 3247
18866 3206
18866 18607
18898 5038
18898 18909
18898 3200
18898 18908
18898 18899
18898 3211
18898 3198
18898 3248
18898 3363
18898 257
18898 18902
18898 3172
18898 3199
18898 3206
18899 18898
18899 5038
18899 18909
18899 19042
18899 18908
18899 19037
18899 18932
18899 3245
18899 3211
18899 19122
18899 3248
18899 3363
18899 257
18899 3207
18899 18902
18899 3252
18899 3206
18902 18898
18902 5038
18902 19042
18902 3200
18902 18908
18902 3174
18902 18899
18902 18932
18902 3211
18902 18955
18902 3198
18902 3248
18902 257
18902 3207
18902 3252
18902 3172
18902 3199
18902 3247
18902 3206
18902 18607
18908 18898
18908 18933
18908 5038
18908 3208
18908 18909
18908 19042
18908 3200
18908 3174
18908 18899
18908 18932
18908 3245
18908 3211
18908 19122
18908 3198
18908 3248
18908 257
18908 3207
18908 18902
18908 3252
18908 3172
18908 3199
18908 3247
18908 3206
18908 18607
18909 3309
18909 18974
18909 5038
18909 3208
18909 3200
18909 3174
18909 3211
18909 3198
18909 19066
18909 3248
18909 3207
18909 3172
18909 3199
18909 3247
18909 3206
18909 18607
18932 18974
18932 19064
18932 18933
18932 5038
18932 3208
18932 19042
18932 3200
18932 3174
18932 3245
18932 3211
18932 18955
18932 3198
18932 3251
18932 3248
18932 3207
18932 3252
18932 3172
18932 3199
18932 3247
18932 3206
18932 26474
18932 18607
18933 19064
18933 5038
18933 19042
18933 3200
18933 18932
18933 3245
18933 3211
18933 18955
18933 3198
18933 3251
18933 3248
18933 3207
18933 3252
18933 3172
18933 3199
18933 3247
18933 3206
18933 26474
18955 3208
18955 3200
18955 3174
18955 3245
18955 3211
18955 3198
18955 3251
18955 3248
18955 3207
18955 3252
18955 3172
18955 3199
18955 3247
18955 3206
18961 19199
18961 5022
18961 3208
18961 19289
18961 21802
18961 3245
18961 3356
18961 3198
18961 3361
18961 3357
18974 3309
18974 19064
18974 3208
18974 3200
18974 3174
18974 3245
18974 3211
18974 3198
18974 3248
18974 3207
18974 3252
18974 3172
18974 3199
18974 3247
18974 3206
18988 3208
18988 3200
18988 3174
18988 18866
18988 3245
18988 19040
18988 3356
18988 3198
18988 3248
18988 3361
18988 3172
18988 3199
18988 3247
18988 3206
18988 18607
19032 18933
19032 5038
19032 5088
19032 18909
19032 19042
19032 18908
19032 18866
19032 19122
19032 5081
19032 26473
19032 257
19032 19123
19032 3361
19032 19220
19032 3247
19032 18607
19037 18933
19037 5038
19037 3208
19037 19042
19037 3200
19037 18908
19037 3174
19037 18899
19037 18932
19037 3245
19037 3211
19037 19122
19037 18755
19037 3198
19037 3248
19037 3207
19037 18902
19037 3252
19037 3172
19037 3199
19037 3206
19037 3315
19040 19064
19040 5038
19040 18909
19040 19042
19040 18866
19040 3245
19040 3211
19040 19235
19040 5081
19040 3248
19040 19123
19040 3207
19040 3247
19040 3206
19040 26474
19040 18607
19042 18974
19042 18933
19042 5038
19042 3208
19042 3200
19042 3174
19042 18932
19042 3245
19042 3211
19042 18955
19042 3198
19042 3251
19042 3248
19042 19123
19042 3207
19042 3252
19042 3172
19042 3199
19042 3247
19042 3206
19042 26474
19042 18607
19045 19042
19045 18866
19045 19235
19045 3198
19045 18682
19045 3172
19045 3247
19045 18607
19045 3315
19063 3309
19063 18974
19063 19064
19063 3208
19063 18909
19063 3200
19063 3174
19063 18866
19063 3211
19063 19040
19063 3198
19063 19066
19063 3248
19063 3207
19063 3172
19063 3199
19063 3247
19063 3206
19063 18607
19064 3309
19064 18974
19064 3208
19064 3200
19064 3174
19064 3245
19064 3211
19064 18955
19064 3198
19064 3251
19064 3248
19064 3207
19064 3252
19064 3172
19064 3199
19064 3247
19064 3206
19066 3309
19066 18974
19066 19064
19066 18933
19066 5038
19066 3208
19066 18909
19066 19042
19066 3200
19066 3174
19066 3245
19066 3211
19066 3198
19066 3248
19066 19123
19066 3207
19066 3252
19066 3172
19066 3199
19066 3247
19066 3206
19066 26474
19066 18607
19074 26722
19117 18747
19117 19121
19117 19120
19117 19037
19117 3298
19117 19119
19117 19118
19117 257
19117 19220
19118 19121
19118 19120
19118 3174
19118 3298
19118 19119
19118 3198
19118 19117
19118 257
19118 3207
19118 3172
19118 3199
19118 3206
19119 18747
19119 19121
19119 19120
19119 3298
19119 19118
19119 18776
19119 19117
19119 257
19120 19121
19120 3298
19120 19119
19120 19118
19120 3248
19120 19117
19120 257
19120 3207
19120 19220
19121 3208
19121 18747
19121 19120
19121 3174
19121 3298
19121 19119
19121 19118
19121 3198
19121 19117
19121 257
19121 3207
19121 3172
19121 3199
19121 3206
19121 3315
19122 18974
19122 18933
19122 5038
19122 3208
19122 19042
19122 3200
19122 18908
19122 3174
19122 19037
19122 18932
19122 3245
19122 3211
19122 18955
19122 3198
19122 3251
19122 3248
19122 19123
19122 3207
19122 18902
19122 3252
19122 3172
19122 3199
19122 3247
19122 3206
19122 26474
19122 18607
19123 18974
19123 5038
19123 3208
19123 19042
19123 3200
19123 3174
19123 3245
19123 3211
19123 3198
19123 3251
19123 3248
19123 3207
19123 3252
19123 3172
19123 3199
19123 3247
19123 3206
19123 26474
19123 18607
19175 3309
19175 18974
19175 3255
19175 18933
19175 19042
19175 3200
19175 3174
19175 18866
19175 3245
19175 3211
19175 19040
19175 3198
19175 3248
19175 3207
19175 3252
19175 3172
19175 3199
19175 3247
19175 3206
19175 18607
19181 18541
19181 21683
19181 18682
19199 19204
19199 5022
19199 19200
19199 18961
19199 3363
19199 257
19199 3361
19199 3357
19200 19199
19200 19204
19200 5022
19200 19283
19200 3363
19200 257
19200 18575
19204 19199
19204 5022
19204 18747
19204 19289
19204 21802
19204 21783
19204 19200
19204 18961
19204 3361
19204 3357
19208 3309
19208 3255
19208 19204
19208 18747
19208 19289
19208 21802
19208 19042
19208 3245
19208 3356
19208 21783
19208 18961
19208 3248
19208 3361
19208 3252
19208 3172
19208 3199
19208 3357
19220 3208
19220 3174
19220 3198
19220 3248
19220 257
19220 3207
19220 3172
19220 3199
19220 3206
19220 3315
19221 3208
19221 3174
19221 3198
19221 3248
19221 257
19221 3207
19221 3172
19221 3199
19221 3206
19221 3315
19235 3309
19235 3208
19235 3174
19235 3245
19235 3211
19235 5081
19235 3198
19235 3248
19235 19123
19235 3207
19235 3252
19235 3172
19235 3199
19235 3247
19235 3206
19235 18607
19240 19242
19240 19221
19240 19235
19240 3248
19240 257
19240 19220
19241 18933
19241 5038
19241 19042
19241 18955
19241 19235
19241 19066
19241 257
19241 19123
19241 3247
19241 26474
19242 19221
19242 19241
19242 19235
19242 18755
19242 257
19242 19240
19242 19220
19283 3208
19283 5088
19283 3174
19283 3245
19283 3368
19283 3356
19283 3198
19283 3367
19283 3361
19283 3199
19283 3357
19283 3206
19289 21802
19289 3368
19289 3356
19289 21783
19289 18961
19289 3367
19289 3361
19289 3357
21383 21387
21383 18932
21383 21386
21386 21387
21386 18932
21386 21383
21387 3200
21387 18932
21387 21383
21387 21386
21476 3255
21476 5022
21476 3174
21476 18866
21476 3198
21476 3247
21476 18607
21570 19175
21570 3255
21570 21588
21570 5038
21570 3245
21570 18755
21570 3198
21570 3252
21570 3172
21570 3247
21570 3206
21570 18607
21588 19175
21588 3255
21588 18755
21588 21570
21588 3198
21588 3252
21588 3247
21588 3206
21648 3995
21648 3996
21648 18988
21648 19283
21648 3368
21648 3356
21648 18961
21648 18776
21648 3248
21648 3361
21648 3357
21719 4045
21752 3368
21752 3367
21782 19175
21782 3255
21782 18933
21782 5038
21782 5088
21782 19042
21782 18908
21782 18899
21782 19037
21782 18932
21782 3245
21782 3211
21782 19040
21782 19122
21782 18955
21782 18755
21782 26473
21782 3251
21782 19066
21782 18776
21782 3248
21782 19123
21782 3207
21782 18902
21782 3206
21782 26474
21782 18607
21783 3309
21783 18933
21783 5038
21783 5088
21783 18747
21783 19289
21783 21802
21783 19042
21783 3200
21783 3174
21783 3245
21783 3211
21783 19122
21783 18955
21783 3356
21783 19235
21783 3198
21783 18961
21783 3248
21783 3207
21783 3361
21783 3252
21783 3172
21783 3199
21783 3357
21783 3247
21783 3206
21783 18607
21784 19064
21784 19042
21784 19037
21784 18932
21784 3245
21784 3298
21784 3211
21784 19040
21784 19122
21784 18955
21784 19235
21784 5081
21784 26473
21784 3248
21784 3207
21784 18902
21784 3252
21784 3357
21784 3247
21784 3206
21784 26474
21784 18607
21788 18898
21788 5038
21788 3208
21788 18909
21788 3200
21788 3174
21788 3211
21788 3198
21788 257
21788 3172
21788 3199
21788 3206
21792 3255
21792 18898
21792 18933
21792 5038
21792 21794
21792 18908
21792 18866
21792 5081
21792 3248
21792 257
21792 19123
21792 3207
21792 3247
21792 18607
21794 3255
21794 18898
21794 19064
21794 5038
21794 19042
21794 18866
21794 18932
21794 19040
21794 5081
21794 21792
21794 19066
21794 3248
21794 3363
21794 257
21794 3207
21794 3247
21794 3206
21794 18607
21802 3309
21802 19204
21802 18747
21802 19289
21802 18988
21802 3245
21802 3298
21802 3368
21802 3356
21802 21783
21802 18961
21802 19208
21802 3361
21802 3252
21802 3172
21802 3199
21802 3357
21819 4045
26379 5022
26473 18933
26473 5038
26473 19042
26473 3200
26473 18908
26473 18932
26473 3245
26473 3211
26473 19040
26473 19122
26473 3198
26473 3248
26473 19123
26473 3207
26473 18902
26473 3252
26473 3172
26473 3199
26473 3247
26473 3206
26473 18607
26474 18974
26474 19064
26474 18933
26474 5038
26474 3208
26474 19042
26474 3200
26474 3174
26474 3245
26474 3211
26474 18955
26474 3198
26474 3251
26474 3248
26474 3207
26474 3252
26474 3172
26474 3199
26474 3247
26474 3206
26722 26724
26722 19074
26722 26728
26724 26728
26724 26722
26728 26724
26728 26722
