*Vertices 112
240 "com.bianor.amspersonal"
509 "com.albumpro.videoslide.galleryphoto"
519 "com.videofx"
3202 "media.music.musicplayer.mp3player"
3215 "media.mp3.audio.musicplayer"
3221 "videoplayerhd.musicplayer.videoaudioplayer"
3274 "com.lge.media.lgbluetoothremote2015"
3275 "com.lge.media.musicflow"
3362 "com.vreamapp.vreammusicstreamforyoutube"
4000 "com.lancodev.phototovideomakerslid"
4006 "com.videomaker.SlideShowWithMusic"
4008 "black1.thebestonepp.love.slideshow"
4013 "creative.phototovideomakerslideshow"
4973 "com.PICCHAT.PictureVideoSlideshowMusic"
4979 "com.sevideo.slideshow.videoeditor"
4981 "videomedia.videoeditor"
4985 "com.photovideo.phototovideo"
4999 "ph.app.photoslideshowwithmusic"
5042 "audio.mp3.music.player"
5046 "com.videoslide.slideshows.maker"
5047 "com.Photo.Video.Maker.With.Music.Free"
5048 "black.photo.slideshow.music"
5049 "com.BestPhotoEditor.LoveVideoMakerWithMusic"
5050 "com.photo.video.maker.maker"
5051 "photomaker.musicmaker.videomaker"
5054 "com.bestfreeapps.videoslidemakerwithmusic"
5055 "com.video.slideshowmusic"
5058 "best.free.apps.studio.videomaker.lovevideomacker"
5059 "robert.photoslideshowwith.music"
5060 "com.creativemusic"
5061 "videomedia.rainyphotovideo"
5062 "com.photoslideshow.moviemaker"
5064 "com.Eyebird.PhotoSlideshowwithMusic"
5066 "videomedia.weddingphotovideo"
5067 "jsn.vidslidemaker"
5068 "com.photovideomaker.njlacryfik"
5071 "photo.to.video.maker.with.birthday.song.birthday.video.editor"
5072 "photo.slideshow.musicc"
5074 "phototovideo.converterprofessionalfree.download"
5075 "com.videostudio.videoslideshowmusicphoto"
5079 "creativeapp.love.moviemaker"
5113 "com.photovideo.videoeditor"
5114 "videomedia.photovideomaker"
5141 "com.BestPhotoEditor.MovieMakerWithMusic"
5166 "tictop.phototovideomaker"
5169 "com.moviemakerwithmusic.slideshow.videoeditor"
5170 "com.makervideo.videoeditor.free"
5174 "creativeapp.phototo.videomaker"
10576 "co.triller.droid"
18615 "com.music.newstein.sean.upnp"
18646 "ch.berard.xbmcremotebeta"
18702 "com.villacat.musicplayer"
18703 "music.mp3.audioplayer"
18802 "ch.berard.xbmc.addons.stream"
18882 "com.wikimediacom.youtube.radio"
18936 "music.player.equalizer"
18939 "com.musictube.videos"
18941 "com.asd.europaplustv"
18942 "com.Eyebird.MusicPlayer"
18956 "cancionesinfantilesgratis.musicaparaninos"
19083 "cyberniko.musicFolderPlayer"
19092 "com.ahihi.slideshow.PhotoVideoEditor"
19093 "com.ahihi.slideshow.musicvideo"
19128 "com.fotoglobal.phototovideo"
19132 "com.miniclues.anniversary.Phototovideo.anniversaryphotoframes.anniversaryvideomaker"
19133 "dotcom.photovideomaker"
19135 "com.pmb.moviemaker"
19136 "com.miniclues.love.photovideomusic.lovevideomaker"
19199 "app.VideoPlayerSnapHD.VideoDownloaderPlayer"
19295 "jsn.videoeditor"
21351 "com.muvee.retrim"
21445 "com.PICCHAT.FunimateMusicallyVideo"
21506 "com.slideshow.musicvideo.videoeditor"
21650 "topphoto.Valentine.vidmaker"
21660 "com.svisticate.VideoEditor"
21687 "videoeditor.musicvideo"
21688 "jsn.phototovideomaker"
21689 "com.a.square.star.photovideo.maker.with.music"
21696 "videomedia.photo.video.maker.with.music"
21704 "com.photo.video.makermusic"
21746 "com.video.musicvideo.newvideo"
21749 "com.video.easternmakevideo"
21753 "com.ahihi.lovevideomaker.withmusic"
26333 "picture.slideshow.with.music"
26384 "com.PICCHAT.PhotoVideoEditor"
26411 "photovideoart.happyholi.videomaker"
26420 "info.fountainpig.stplay.mv"
26476 "com.appzcloud.videotomp3"
26482 "com.universaldream.musiceditor.mp3editor.Musiccutter"
26500 "dflip.xx.photo.video.maker"
26501 "com.photovideomaker.najlaopoixxwsw"
26502 "com.videoeditor.slideshow.profree"
26505 "com.BestPhotoEditor.SlideshowMakerWithMusic"
26506 "com.Photo.Video.Editormusic"
26507 "momanddad.photovideovakermusic"
26508 "com.BestPhotoEditor.PhotoVideoMakerWithMusic"
26509 "photo.video.maker"
26512 "com.bsoul.photovideoslideshow"
26515 "com.bestfreeapps.VideoEditorWithMusic"
26519 "com.videomaker.VideoSlideWithMusic"
26528 "com.bluevideo.movie.maker.pstr"
26529 "com.latestnewappzone.anniversaryslideshowwithmusic"
26531 "videoapp.slideshowwithmusic"
26539 "birthday.photo.to.video.maker.with.birthday.song.birthday.video.editor"
26540 "com.liveokvideo.musicslideshow"
26542 "net.videofreetopbob.photosvideomaker"
26555 "com.asquaremobileapps.videotoimageconverter"
26566 "com.moviecreator.VideoMakerVideoEditor"
26676 "com.mrs.musicas.gospelfm"
26773 "movie.video.maker.withmusic"
26804 "minado.videomaker.withmusic"
26810 "com.videomaker.photoslideshows.editor"
*Arcs
509 5058
509 5048
509 4008
509 5049
509 5064
509 4973
509 5047
509 5054
509 5060
509 5050
509 5062
509 4985
509 5068
509 4979
509 5055
509 4006
509 5046
509 5075
509 5067
509 4999
509 5072
509 5071
509 5051
509 5074
509 5059
509 5061
509 5066
519 4008
519 5049
519 4973
519 4985
519 5113
519 4979
519 5079
519 5051
519 5114
3202 5042
3202 4008
3202 18942
3202 18941
3202 18939
3202 18702
3202 3215
3202 18703
3202 18936
3202 3221
3215 5042
3215 4008
3215 18956
3215 18941
3215 18939
3215 5113
3215 4979
3215 18702
3215 3202
3215 18703
3215 18936
3215 3221
3274 5042
3274 240
3274 3275
3274 18939
3274 4979
3274 519
3274 18702
3274 3215
3274 3202
3274 18703
3274 18936
3274 5051
3275 5042
3275 240
3275 3274
3275 18939
3275 4985
3275 519
3275 18702
3275 19083
3275 3215
3275 3202
3275 18703
3275 18936
3275 4999
3275 5051
3275 4981
3362 4008
3362 519
3362 18882
4000 4008
4000 5049
4000 4973
4000 19092
4000 4985
4000 5113
4000 19135
4000 4979
4000 519
4000 5046
4000 5079
4000 5174
4000 19295
4000 4999
4000 5051
4000 5166
4000 21687
4000 5114
4000 5061
4000 4981
4000 5066
4006 5058
4006 5048
4006 4008
4006 5049
4006 4973
4006 5047
4006 4985
4006 4979
4006 5055
4006 519
4006 5046
4006 4999
4006 5051
4006 5059
4006 5061
4006 5066
4008 5049
4008 4973
4008 19092
4008 4985
4008 5113
4008 4979
4008 519
4008 5046
4008 5079
4008 5051
4008 5114
4013 4008
4013 5049
4013 4973
4013 19093
4013 4000
4013 5170
4013 4985
4013 4979
4013 519
4013 5046
4013 5079
4013 5174
4013 21688
4013 19295
4013 4999
4013 5051
4013 5166
4013 21696
4013 5114
4013 5061
4013 4981
4013 5066
4973 5048
4973 4008
4973 5049
4973 19092
4973 21704
4973 4985
4973 4979
4973 519
4973 4006
4973 5046
4973 5079
4973 4999
4973 5051
4973 5114
4973 5066
4979 4008
4979 10576
4979 5049
4979 4973
4979 19092
4979 19093
4979 5054
4979 4985
4979 5113
4979 519
4979 4006
4979 5046
4979 5079
4979 5051
4981 4008
4981 5049
4981 4973
4981 19092
4981 4985
4981 5113
4981 4979
4981 519
4981 5046
4981 19295
4981 4999
4981 5051
4981 5114
4981 5061
4981 5066
4985 4008
4985 5049
4985 4973
4985 5113
4985 4979
4985 21506
4985 519
4985 5046
4985 5079
4985 4999
4985 5051
4985 5166
4985 5114
4985 5061
4985 4981
4985 5066
4999 5058
4999 5048
4999 4008
4999 5049
4999 4973
4999 5047
4999 19136
4999 4985
4999 4979
4999 21506
4999 519
4999 4006
4999 5046
4999 5174
4999 5072
4999 5051
4999 5059
4999 5166
4999 21687
4999 5114
4999 5061
4999 4981
4999 5066
5042 4008
5042 18956
5042 10576
5042 18942
5042 18941
5042 3275
5042 18939
5042 4979
5042 519
5042 18702
5042 3215
5042 3202
5042 18703
5042 18936
5042 3221
5046 5048
5046 4008
5046 5049
5046 4973
5046 5047
5046 19092
5046 4985
5046 5113
5046 4979
5046 519
5046 4006
5046 4999
5046 5051
5047 5058
5047 5048
5047 4008
5047 5049
5047 5064
5047 4973
5047 509
5047 5054
5047 5060
5047 5050
5047 5062
5047 4985
5047 26501
5047 5068
5047 4979
5047 5055
5047 26502
5047 4006
5047 5046
5047 5075
5047 26500
5047 5067
5047 3202
5047 4999
5047 5072
5047 5071
5047 5051
5047 5074
5047 5059
5047 5061
5047 5066
5048 5058
5048 4008
5048 5049
5048 26505
5048 5064
5048 4973
5048 5047
5048 509
5048 5050
5048 5062
5048 4985
5048 4979
5048 5055
5048 519
5048 4006
5048 5046
5048 5067
5048 4999
5048 5072
5048 5071
5048 5051
5048 5059
5048 5166
5048 5114
5048 5061
5048 5066
5049 4008
5049 4973
5049 19092
5049 19093
5049 21704
5049 4985
5049 5113
5049 4979
5049 21506
5049 519
5049 5046
5049 5079
5049 4999
5049 5051
5049 5114
5049 5061
5050 5048
5050 4008
5050 5049
5050 26508
5050 4973
5050 26506
5050 5047
5050 21689
5050 509
5050 19128
5050 4000
5050 19136
5050 21704
5050 4985
5050 19135
5050 4979
5050 21506
5050 519
5050 4006
5050 5046
5050 5079
5050 5174
5050 19133
5050 26507
5050 4999
5050 5051
5050 5166
5050 21687
5050 5114
5050 5061
5050 4981
5050 5066
5051 4008
5051 10576
5051 5049
5051 4973
5051 19093
5051 4985
5051 5113
5051 4979
5051 21506
5051 519
5051 5079
5051 4999
5051 5114
5051 5061
5051 4981
5051 5066
5054 4008
5054 5049
5054 4973
5054 19093
5054 26515
5054 4985
5054 4979
5054 21749
5054 21746
5054 519
5054 4006
5054 26519
5054 5046
5054 4999
5054 5051
5054 5114
5054 5061
5055 5058
5055 5048
5055 4008
5055 5049
5055 5064
5055 4973
5055 5047
5055 509
5055 5060
5055 5062
5055 4985
5055 26501
5055 5068
5055 4979
5055 4006
5055 5046
5055 5075
5055 26500
5055 5067
5055 4999
5055 5072
5055 5071
5055 26509
5055 5051
5055 5074
5055 5059
5055 5166
5055 5114
5055 5061
5055 5066
5058 5048
5058 4008
5058 5049
5058 4973
5058 5047
5058 26528
5058 5170
5058 5062
5058 4985
5058 4979
5058 4006
5058 5046
5058 5075
5058 5174
5058 5067
5058 4999
5058 5072
5058 5071
5058 5051
5058 5059
5058 5166
5058 5114
5058 5061
5058 5066
5059 5058
5059 5048
5059 4008
5059 5049
5059 26505
5059 4973
5059 5047
5059 509
5059 5054
5059 4000
5059 5062
5059 4985
5059 4979
5059 5055
5059 519
5059 4006
5059 5046
5059 5075
5059 5174
5059 5067
5059 4999
5059 5072
5059 5071
5059 5051
5059 5166
5059 5114
5059 5061
5059 5066
5060 5058
5060 5048
5060 4008
5060 5049
5060 5064
5060 4973
5060 5047
5060 19093
5060 509
5060 5054
5060 26529
5060 5062
5060 4985
5060 26501
5060 5068
5060 4979
5060 21749
5060 21746
5060 5055
5060 26502
5060 4006
5060 5046
5060 5075
5060 5067
5060 4999
5060 5072
5060 5071
5060 26509
5060 5051
5060 5074
5060 5059
5060 5061
5060 5066
5061 5048
5061 4008
5061 5049
5061 4973
5061 4000
5061 19136
5061 4985
5061 19135
5061 4979
5061 21506
5061 519
5061 4006
5061 5046
5061 5174
5061 19295
5061 4999
5061 5051
5061 5059
5061 5166
5061 21687
5061 5114
5061 4981
5061 5066
5062 5058
5062 5048
5062 4008
5062 5049
5062 4973
5062 5047
5062 509
5062 4000
5062 5170
5062 4985
5062 5068
5062 4979
5062 5055
5062 4006
5062 5075
5062 5174
5062 5067
5062 4999
5062 5072
5062 5071
5062 5051
5062 5059
5062 5166
5062 5114
5062 5061
5062 5066
5064 5058
5064 5048
5064 4008
5064 5049
5064 4973
5064 5047
5064 509
5064 26512
5064 5060
5064 5050
5064 5062
5064 4985
5064 26501
5064 5068
5064 4979
5064 21749
5064 5055
5064 4006
5064 5046
5064 26500
5064 4999
5064 26509
5064 5051
5064 5074
5064 5059
5064 5061
5064 5066
5066 4008
5066 5049
5066 26384
5066 4973
5066 19092
5066 4000
5066 4985
5066 5113
5066 19135
5066 4979
5066 21506
5066 519
5066 5046
5066 5174
5066 19295
5066 4999
5066 5051
5066 5166
5066 21687
5066 5114
5066 5061
5066 4981
5067 5058
5067 5048
5067 4008
5067 5049
5067 26505
5067 4973
5067 5047
5067 509
5067 5054
5067 5060
5067 5170
5067 5062
5067 4985
5067 4979
5067 26502
5067 4006
5067 5046
5067 5075
5067 5174
5067 4999
5067 5072
5067 5071
5067 5051
5067 5059
5067 5166
5067 5114
5067 5061
5067 5066
5068 5058
5068 5048
5068 4008
5068 5049
5068 5064
5068 4973
5068 5047
5068 509
5068 5060
5068 4000
5068 5170
5068 5062
5068 4985
5068 26501
5068 4979
5068 5055
5068 4006
5068 5046
5068 5174
5068 26500
5068 5067
5068 4999
5068 5072
5068 5071
5068 5051
5068 5074
5068 5059
5068 5166
5068 5114
5068 5061
5068 5066
5071 5058
5071 26539
5071 5048
5071 4008
5071 5049
5071 4973
5071 5047
5071 509
5071 5054
5071 5060
5071 4000
5071 26529
5071 26540
5071 5062
5071 4985
5071 5068
5071 4979
5071 5055
5071 26502
5071 519
5071 4006
5071 5046
5071 5075
5071 5174
5071 26500
5071 5067
5071 4999
5071 5072
5071 5051
5071 5059
5071 5166
5071 5114
5071 5061
5071 5066
5072 5058
5072 5048
5072 4008
5072 5049
5072 4973
5072 5047
5072 509
5072 5054
5072 5060
5072 26529
5072 26540
5072 5062
5072 4985
5072 5068
5072 4979
5072 5055
5072 26502
5072 4006
5072 5075
5072 5174
5072 26500
5072 5067
5072 26542
5072 4999
5072 5071
5072 5051
5072 5074
5072 5059
5072 5166
5072 5114
5072 5061
5072 5066
5074 5058
5074 5048
5074 4008
5074 5049
5074 26505
5074 5064
5074 4973
5074 5047
5074 509
5074 5060
5074 5062
5074 4985
5074 26501
5074 5068
5074 4979
5074 5055
5074 4006
5074 5046
5074 5067
5074 4999
5074 5072
5074 5071
5074 5051
5074 5059
5074 5166
5074 5114
5074 5061
5074 5066
5075 5058
5075 5048
5075 4008
5075 5049
5075 4973
5075 5047
5075 509
5075 5054
5075 5060
5075 26529
5075 26540
5075 5062
5075 4985
5075 5068
5075 4979
5075 5055
5075 26502
5075 4006
5075 5046
5075 26500
5075 5067
5075 26542
5075 4999
5075 5072
5075 5071
5075 5051
5075 5074
5075 5059
5075 5114
5075 5061
5075 5066
5079 4008
5079 5049
5079 4973
5079 19092
5079 19093
5079 21704
5079 4985
5079 5113
5079 4979
5079 519
5079 5051
5079 5114
5113 4008
5113 5049
5113 26384
5113 4973
5113 19092
5113 4985
5113 4979
5113 519
5113 19295
5113 5051
5114 4008
5114 10576
5114 5049
5114 4973
5114 19093
5114 4985
5114 5113
5114 4979
5114 21506
5114 519
5114 5079
5114 4999
5114 5051
5114 5166
5114 5061
5114 4981
5114 5066
5141 5049
5141 26508
5141 5169
5141 4985
5141 519
5141 5051
5141 5114
5166 4008
5166 5049
5166 4973
5166 4000
5166 5170
5166 4985
5166 19135
5166 519
5166 5046
5166 5174
5166 4999
5166 5051
5166 21687
5166 5114
5166 5061
5166 4981
5166 5066
5169 5049
5169 5141
5169 4985
5169 26773
5169 4999
5169 5051
5169 5114
5170 4008
5170 5049
5170 5062
5170 4985
5170 519
5170 5046
5170 5174
5170 5051
5170 5166
5170 5114
5170 5061
5170 5066
5174 4008
5174 5049
5174 4973
5174 5170
5174 4985
5174 19135
5174 21506
5174 519
5174 5046
5174 19133
5174 4999
5174 5051
5174 5166
5174 21687
5174 5114
5174 5061
5174 4981
5174 5066
10576 4008
10576 5049
10576 21445
10576 4973
10576 19093
10576 4985
10576 4979
10576 21506
10576 519
10576 5051
10576 5114
18646 18802
18702 5042
18702 4008
18702 18956
18702 10576
18702 18942
18702 18941
18702 3275
18702 18939
18702 4979
18702 519
18702 19083
18702 3215
18702 3202
18702 18703
18702 18936
18702 3221
18703 5042
18703 4008
18703 18942
18703 18941
18703 3275
18703 18939
18703 4979
18703 21506
18703 519
18703 18702
18703 19083
18703 3215
18703 3202
18703 18936
18703 5051
18703 3221
18802 18646
18882 18939
18882 519
18882 3362
18936 5042
18936 4008
18936 10576
18936 18942
18936 4973
18936 18941
18936 240
18936 3275
18936 18939
18936 4985
18936 4979
18936 519
18936 18702
18936 3215
18936 3202
18936 18703
18936 4999
18936 5051
18936 4981
18936 3221
18939 5042
18939 10576
18939 3275
18939 4979
18939 21506
18939 519
18939 18702
18939 3362
18939 18882
18939 3215
18939 3202
18939 18703
18939 18936
18939 4999
18939 5051
18941 5042
18941 4973
18941 4979
18941 18702
18941 3215
18941 3202
18941 18703
18941 18936
18942 5042
18942 5064
18942 3275
18942 18702
18942 19083
18942 3215
18942 3202
18942 18703
18942 18936
18942 3221
18956 5042
18956 4008
18956 5047
18956 3275
18956 5046
18956 18702
18956 3215
18956 3202
19083 5042
19083 18956
19083 18942
19083 3275
19083 18702
19083 26420
19083 3215
19083 3202
19083 18703
19083 18936
19083 3221
19092 4008
19092 5049
19092 4973
19092 4985
19092 5113
19092 4979
19092 519
19092 5046
19092 5079
19092 19295
19092 5051
19093 4008
19093 10576
19093 5049
19093 4973
19093 19092
19093 5054
19093 4985
19093 4979
19093 21506
19093 21746
19093 519
19093 5046
19093 5079
19093 5051
19093 5114
19128 4008
19128 5049
19128 26508
19128 4973
19128 21689
19128 4000
19128 19136
19128 21704
19128 4985
19128 5113
19128 19135
19128 21506
19128 519
19128 5046
19128 5079
19128 5174
19128 19133
19128 21688
19128 26507
19128 4999
19128 5051
19128 5166
19128 21687
19128 5114
19128 5061
19128 4981
19128 5066
19132 5048
19132 4008
19132 5049
19132 26508
19132 4973
19132 26506
19132 21689
19132 19128
19132 4000
19132 19136
19132 5050
19132 21704
19132 4985
19132 19135
19132 4979
19132 21506
19132 5046
19132 5079
19132 5174
19132 19133
19132 26507
19132 4999
19132 5051
19132 26411
19132 5059
19132 5166
19132 21687
19132 5114
19132 5061
19132 4981
19132 5066
19133 4008
19133 5049
19133 26508
19133 4973
19133 21689
19133 19128
19133 4000
19133 5170
19133 19136
19133 4985
19133 5113
19133 19135
19133 21506
19133 519
19133 5046
19133 5079
19133 5174
19133 4999
19133 5051
19133 5166
19133 21687
19133 5114
19133 5061
19133 4981
19133 5066
19135 4008
19135 5049
19135 4973
19135 21689
19135 19128
19135 4000
19135 5170
19135 19136
19135 4985
19135 21506
19135 519
19135 5046
19135 5174
19135 19133
19135 21688
19135 26507
19135 4999
19135 5051
19135 5166
19135 21687
19135 5114
19135 5061
19135 4981
19135 5066
19136 5048
19136 4008
19136 5049
19136 26508
19136 4973
19136 26506
19136 21689
19136 19128
19136 4000
19136 21704
19136 4985
19136 5113
19136 19135
19136 21506
19136 21749
19136 519
19136 5046
19136 5079
19136 5174
19136 19133
19136 21688
19136 26507
19136 4999
19136 5051
19136 5166
19136 21687
19136 5114
19136 5061
19136 4981
19136 5066
19199 4008
19199 4973
19199 5113
19199 4979
19199 18702
19199 3362
19199 18882
19295 4008
19295 26384
19295 19092
19295 4985
19295 5113
19295 4979
19295 519
19295 5051
21351 19092
21351 519
21351 19295
21351 5051
21445 4008
21445 10576
21445 5049
21445 26384
21445 4973
21445 4985
21445 5113
21445 4979
21445 21506
21445 519
21445 19295
21445 5051
21506 4008
21506 10576
21506 5049
21506 19093
21506 4985
21506 4979
21506 21746
21506 519
21506 5174
21506 19295
21506 4999
21506 5051
21506 5166
21506 5114
21506 5061
21506 5066
21650 4008
21650 5049
21650 4973
21650 19092
21650 19093
21650 21704
21650 4985
21650 5113
21650 4979
21650 519
21650 5079
21650 5051
21660 4008
21660 5049
21660 4973
21660 19092
21660 21704
21660 4985
21660 5113
21660 4979
21660 5046
21660 5079
21660 5051
21660 5114
21687 4008
21687 10576
21687 5049
21687 4973
21687 19093
21687 19136
21687 4985
21687 19135
21687 4979
21687 21506
21687 519
21687 5079
21687 5174
21687 19133
21687 4999
21687 5051
21687 5166
21687 5114
21687 5061
21687 4981
21687 5066
21688 5048
21688 4008
21688 5049
21688 26508
21688 4973
21688 21689
21688 19128
21688 4000
21688 19136
21688 4985
21688 19135
21688 4979
21688 519
21688 5046
21688 5079
21688 5174
21688 19133
21688 4999
21688 5051
21688 5166
21688 21687
21688 5114
21688 5061
21688 4981
21688 5066
21689 5048
21689 4008
21689 5049
21689 26508
21689 4973
21689 26506
21689 19128
21689 4000
21689 19136
21689 5050
21689 21704
21689 4985
21689 19135
21689 21506
21689 519
21689 5046
21689 5174
21689 19133
21689 21688
21689 26507
21689 4999
21689 5051
21689 5166
21689 21687
21689 5114
21689 5061
21689 4981
21689 5066
21696 5048
21696 4008
21696 5049
21696 4973
21696 19092
21696 19093
21696 5054
21696 4000
21696 5170
21696 4985
21696 4979
21696 519
21696 4006
21696 5046
21696 5174
21696 19295
21696 4999
21696 5051
21696 5059
21696 5166
21696 5114
21696 5061
21696 4981
21696 5066
21704 4008
21704 5049
21704 4973
21704 19092
21704 19093
21704 4985
21704 5113
21704 4979
21704 519
21704 5079
21704 5051
21704 5114
21746 4008
21746 10576
21746 5049
21746 26384
21746 19093
21746 5054
21746 4985
21746 5113
21746 4979
21746 21506
21746 21749
21746 519
21746 5046
21746 5079
21746 19295
21746 5051
21746 5114
21746 5061
21746 5066
21749 4008
21749 10576
21749 5049
21749 4973
21749 19093
21749 5054
21749 4985
21749 4979
21749 21506
21749 21746
21749 519
21749 4006
21749 5046
21749 5079
21749 19295
21749 5051
21749 5114
21749 5061
21753 4008
21753 5049
21753 4973
21753 19092
21753 19093
21753 4985
21753 5113
21753 4979
21753 519
21753 5079
21753 5051
21753 5114
26333 4008
26333 10576
26333 5049
26333 26384
26333 4973
26333 19092
26333 4000
26333 21704
26333 4985
26333 5113
26333 26501
26333 4979
26333 21749
26333 4006
26333 5046
26333 5079
26333 5174
26333 19295
26333 4999
26333 26509
26333 5051
26333 5166
26333 21687
26333 4981
26333 5066
26384 4008
26384 5049
26384 4973
26384 19092
26384 4985
26384 5113
26384 4979
26384 519
26384 19295
26384 5051
26411 4008
26411 5049
26411 4973
26411 21689
26411 19128
26411 4000
26411 19136
26411 4985
26411 19135
26411 21506
26411 519
26411 5046
26411 5174
26411 19133
26411 4999
26411 5051
26411 5166
26411 21687
26411 5114
26411 5061
26411 4981
26411 5066
26420 4008
26420 10576
26420 5049
26420 19093
26420 3275
26420 4979
26420 21506
26420 21746
26420 18702
26420 19083
26420 18703
26420 18936
26420 5051
26420 3221
26476 4008
26476 19295
26482 4979
26482 5046
26482 19295
26482 3215
26482 3202
26482 5051
26482 4981
26500 5058
26500 5048
26500 4008
26500 5049
26500 5064
26500 4973
26500 5047
26500 509
26500 5054
26500 5060
26500 4000
26500 26540
26500 5050
26500 5062
26500 4985
26500 26501
26500 5068
26500 4979
26500 5055
26500 4006
26500 5046
26500 5075
26500 5174
26500 5067
26500 26542
26500 4999
26500 5072
26500 5071
26500 5051
26500 5074
26500 5059
26500 5166
26500 5114
26500 5061
26500 5066
26501 4008
26501 5049
26501 26384
26501 4973
26501 19092
26501 4000
26501 4985
26501 5113
26501 4979
26501 519
26501 4006
26501 5046
26501 5079
26501 19295
26501 4999
26501 26509
26501 5051
26501 21650
26501 4981
26501 5066
26502 5058
26502 26539
26502 5048
26502 26505
26502 5047
26502 509
26502 5054
26502 5060
26502 4000
26502 26529
26502 26540
26502 5062
26502 5113
26502 5068
26502 21506
26502 5055
26502 4006
26502 5046
26502 5075
26502 26500
26502 5067
26502 26542
26502 4999
26502 5072
26502 5071
26502 5051
26502 5074
26502 5059
26502 5061
26502 5066
26505 5048
26505 4008
26505 5049
26505 5141
26505 26508
26505 4973
26505 4985
26505 4979
26505 4006
26505 5067
26505 4999
26505 5051
26505 5059
26505 5114
26505 5061
26505 5066
26506 5048
26506 4008
26506 5049
26506 26508
26506 4973
26506 21689
26506 19128
26506 4000
26506 19136
26506 5050
26506 21704
26506 4985
26506 19135
26506 4979
26506 21506
26506 519
26506 5046
26506 5079
26506 5174
26506 19133
26506 21688
26506 26507
26506 4999
26506 5051
26506 26411
26506 5059
26506 5166
26506 21687
26506 5114
26506 5061
26506 4981
26506 5066
26507 5048
26507 4008
26507 5049
26507 26508
26507 4973
26507 26506
26507 21689
26507 19128
26507 4000
26507 19136
26507 5050
26507 21704
26507 4985
26507 19135
26507 21506
26507 519
26507 5046
26507 5079
26507 5174
26507 19133
26507 21688
26507 4999
26507 5051
26507 26411
26507 5166
26507 21687
26507 5114
26507 5061
26507 4981
26507 5066
26508 4008
26508 5049
26508 5141
26508 4973
26508 19092
26508 19093
26508 21704
26508 4985
26508 4979
26508 519
26508 5079
26508 5051
26508 5166
26508 5114
26508 4981
26509 5048
26509 4008
26509 5049
26509 5064
26509 4973
26509 5047
26509 19092
26509 5060
26509 4000
26509 5050
26509 21704
26509 4985
26509 5113
26509 26501
26509 4979
26509 21749
26509 5055
26509 519
26509 4006
26509 5046
26509 5079
26509 4999
26509 5051
26509 5166
26509 21687
26509 5114
26509 5061
26509 4981
26509 5066
26512 5058
26512 5048
26512 4008
26512 5049
26512 5064
26512 26384
26512 5047
26512 19092
26512 509
26512 5060
26512 4000
26512 5050
26512 21704
26512 4985
26512 5113
26512 26501
26512 5068
26512 21749
26512 4006
26512 5046
26512 5079
26512 19295
26512 4999
26512 26509
26512 5051
26512 5074
26512 26333
26512 21687
26512 5066
26515 4008
26515 5049
26515 26384
26515 19092
26515 19093
26515 5054
26515 5113
26515 4979
26515 5046
26515 19295
26515 5051
26519 4008
26519 10576
26519 5049
26519 26384
26519 4973
26519 19092
26519 19093
26519 26515
26519 5054
26519 4000
26519 26566
26519 4985
26519 4979
26519 21506
26519 21749
26519 21746
26519 4006
26519 5046
26519 4999
26519 5051
26519 5114
26519 5061
26519 5066
26528 5058
26528 4008
26528 5141
26528 5170
26528 4985
26528 19135
26528 519
26528 5046
26528 5174
26528 19133
26528 5051
26528 5166
26528 5114
26528 5061
26528 5066
26529 5058
26529 5048
26529 4008
26529 5049
26529 26505
26529 4973
26529 5047
26529 509
26529 5054
26529 5060
26529 26540
26529 19132
26529 5062
26529 4985
26529 5068
26529 4979
26529 5055
26529 26502
26529 4006
26529 5046
26529 5075
26529 26500
26529 5067
26529 4999
26529 5072
26529 5071
26529 5051
26529 5074
26529 5059
26529 5166
26529 5114
26529 5061
26529 5066
26531 5058
26531 26505
26531 509
26531 5054
26531 4000
26531 5170
26531 5062
26531 4006
26531 5046
26531 5174
26531 5067
26531 5059
26531 21696
26539 4985
26539 4979
26539 5046
26539 5071
26539 5051
26539 5114
26540 5058
26540 5048
26540 4008
26540 5049
26540 26505
26540 4973
26540 5047
26540 509
26540 5054
26540 5060
26540 26529
26540 5062
26540 4985
26540 5068
26540 4979
26540 5055
26540 26502
26540 4006
26540 5075
26540 26500
26540 5067
26540 4999
26540 5072
26540 5071
26540 5051
26540 5074
26540 5059
26540 5166
26540 5114
26540 5061
26540 5066
26542 5058
26542 5048
26542 4008
26542 5049
26542 26505
26542 4973
26542 5047
26542 509
26542 5054
26542 5060
26542 4000
26542 26529
26542 26540
26542 5062
26542 4985
26542 5068
26542 4979
26542 5055
26542 26502
26542 4006
26542 5046
26542 5075
26542 5174
26542 26500
26542 21688
26542 5067
26542 4999
26542 5072
26542 5071
26542 5051
26542 5074
26542 5059
26542 5166
26542 5114
26542 5061
26542 5066
26555 4008
26555 4985
26555 21688
26555 5051
26555 5114
26555 4981
26555 5066
26566 4008
26566 10576
26566 5049
26566 21445
26566 26384
26566 19092
26566 19093
26566 4000
26566 4985
26566 4979
26566 21506
26566 21749
26566 21746
26566 4006
26566 26519
26566 3362
26566 19295
26566 5051
26566 5166
26566 21650
26566 5114
26566 5061
26566 5066
26676 5042
26676 4008
26676 18939
26676 4979
26676 519
26676 18702
26676 19295
26676 3215
26676 3202
26676 18703
26676 18936
26773 5141
26773 5169
26773 4985
26773 5051
26773 5114
26804 5058
26804 26528
26804 4000
26804 5170
26804 5062
26804 19135
26804 26810
26804 5046
26804 5174
26804 19133
26804 5067
26804 5051
26804 21687
26804 5061
26804 5066
26810 5058
26810 26528
26810 4000
26810 5170
26810 5062
26810 19135
26810 5046
26810 5174
26810 19133
26810 5067
26810 26804
26810 26531
26810 21696
