*Vertices 102
525 "com.magisto"
526 "com.xvideostudio.videoeditor"
527 "com.wevideo.mobile.android"
3170 "com.quvideo.xiaoying"
3222 "com.videoshop.app"
3284 "com.zentertain.videoflip"
3285 "com.cyberlink.powerdirector.DRA140225_01"
3287 "com.androvid"
3324 "com.wondershare.filmorago"
3367 "com.xvideostudio.videoeditorpro"
3368 "com.quvideo.xiaoying.pro"
3954 "video.hyper.time.lapse"
3973 "reverse.backward.loop.video"
3980 "com.trickbook.android.antix"
3990 "com.cyberlink.actiondirector"
4009 "ultimate.redniz.videoeditor"
4011 "com.videoshoweditor.photo.video.maker"
4975 "com.movisoftnew.videoeditor"
4977 "com.nexstreaming.app.kinemasterfree"
4980 "com.androvidpro"
4981 "videomedia.videoeditor"
4982 "com.goseet.VidTrimPro"
4983 "com.media.moviestudio"
4984 "com.goseet.VidTrim"
4987 "com.videoeditor.android"
4988 "com.photovideomusique.photovideomaker"
5022 "com.besthdvideo.editor.cutter.converter.pstr"
5045 "com.photoshow.videoeditor.slide"
5074 "phototovideo.converterprofessionalfree.download"
5083 "com.avcrbt.funimate"
5084 "com.llapps.squarevideo"
5085 "com.kolzan.videostar"
5105 "ringtone.maker"
5112 "com.total.totalvideoeditor"
5113 "com.photovideo.videoeditor"
5115 "com.fotoable.videomaker"
5116 "hayanapps.android.mobile.total.videoeditor.cutter"
5118 "com.moviestudio.videoeditor"
5120 "com.videoeffects.moviestudio"
5121 "com.AudioMotionLabs.videoeditor"
5138 "com.kitkatandroid.moviemaker"
5140 "media.video.editor"
5175 "com.puce.videoeditor.videoslideshow"
5181 "com.asus.microfilm"
18700 "com.nchsoftware.videopad_free"
18841 "com.sp999.myphoto"
18846 "com.ahihi.slideshow.video"
18971 "com.slowmotion.videoslow"
19082 "com.universaldream.musiceditor.mp3editor.songcutter"
19092 "com.ahihi.slideshow.PhotoVideoEditor"
19096 "com.liveoakvideo.videoeditor"
19097 "com.catflow.andromedia"
19098 "pragati.videoeditor"
19295 "jsn.videoeditor"
21421 "tr.com.ea.a.a.mm"
21430 "com.SELFIEU.BeautySelfiesMakeupEditor"
21445 "com.PICCHAT.FunimateMusicallyVideo"
21449 "io.collect.collect"
21451 "com.avincel.video360editor"
21491 "com.vidu"
21496 "video.vue.android"
21497 "com.outplaylab.VideoDiet2"
21501 "net.forscene.KestrelTest"
21502 "com.manifestxml.videoeditor"
21503 "com.video.editorandroid"
21507 "it.crispify.video"
21510 "com.muvee.reaction"
21533 "com.videocrop.nocrop.nocropvideo"
21545 "com.maxmob.photoslideshowwithmusic"
21556 "com.VideotoGIF.GIFConverter"
21557 "com.videotogif.gifconverter"
21559 "com.magicvideo.editor.reversevideo"
21564 "video.editor.slowmotion.fast.reverse.video.maker.movie.fx"
21590 "com.devapp.videoeditor"
21594 "com.magix.android.met"
21599 "com.actvt.actvt"
21601 "mobi.charmer.videomaster"
21602 "com.unclipapp"
21608 "com.uvicsoft.qditorproluno"
21614 "com.videomakervideoshow.movieeditor"
21734 "jp.otto.OttoInfoReader"
26349 "com.geakr.videoeditorpro"
26350 "com.protonyeditor.kinemasterpro"
26362 "com.videoeditor.all"
26367 "com.appzcloud.mergevideoeditor"
26384 "com.PICCHAT.PhotoVideoEditor"
26385 "com.zenjoy.videoeditor"
26386 "com.blueapp.appvideoeditor"
26387 "com.audio.video.mixer.audio.video.cutter"
26445 "dotcom.videoeditor"
26514 "com.bestfreeapps.VideoFrameEditor"
26515 "com.bestfreeapps.VideoEditorWithMusic"
26544 "com.videostudio.movieslideshowvideoeditor"
26545 "com.editorchoice.lovevideoeditor"
26578 "philm.vilo.im"
26582 "com.iapp.videofilter"
26771 "com.BestPhotoEditor.BirthdayVideoEditor"
26786 "v.streets.app.editor"
26791 "com.psd2filters.glitchart"
26792 "com.rapidtech.videoeffects"
26802 "com.video.music.app.video.editor"
26810 "com.videomaker.photoslideshows.editor"
*Arcs
525 3287
525 3990
525 3285
525 5115
525 4984
525 5138
525 5084
525 4983
525 5118
525 4975
525 4977
525 5113
525 4988
525 3170
525 3368
525 5112
525 4987
525 3222
525 527
525 3324
525 526
525 3367
525 3284
525 5116
525 5140
526 5121
526 3287
526 5083
526 3990
526 3285
526 5115
526 4984
526 5138
526 525
526 4983
526 4975
526 4977
526 5113
526 4988
526 3170
526 3368
526 5112
526 4987
526 3222
526 527
526 3324
526 3367
526 3284
526 5116
3170 3287
3170 5083
3170 3990
3170 3285
3170 5115
3170 4984
3170 5138
3170 5085
3170 525
3170 4983
3170 4975
3170 4977
3170 5113
3170 4988
3170 3368
3170 5112
3170 4987
3170 3222
3170 527
3170 3324
3170 526
3170 3367
3170 3284
3170 5116
3222 5121
3222 3287
3222 3990
3222 3285
3222 5115
3222 4984
3222 5084
3222 525
3222 4983
3222 5118
3222 4975
3222 18700
3222 4977
3222 5113
3222 4988
3222 3170
3222 3368
3222 18971
3222 5112
3222 4987
3222 527
3222 3324
3222 526
3222 3367
3222 3284
3222 5116
3284 5121
3284 19092
3284 3287
3284 3990
3284 3285
3284 5115
3284 4984
3284 5084
3284 525
3284 4983
3284 5118
3284 4975
3284 4977
3284 5113
3284 4988
3284 3170
3284 3368
3284 5112
3284 4987
3284 3222
3284 527
3284 3324
3284 526
3284 3367
3284 5116
3284 5140
3285 5121
3285 3287
3285 3990
3285 5115
3285 4984
3285 5138
3285 525
3285 4983
3285 5118
3285 4975
3285 18700
3285 4977
3285 5113
3285 4988
3285 3170
3285 3368
3285 5112
3285 4987
3285 3222
3285 527
3285 3324
3285 526
3285 3367
3285 3284
3285 5116
3285 5140
3287 4980
3287 19097
3287 3990
3287 3285
3287 5115
3287 4984
3287 19096
3287 5084
3287 525
3287 4983
3287 5118
3287 4975
3287 18700
3287 4977
3287 5113
3287 4988
3287 3170
3287 3368
3287 5112
3287 4987
3287 3222
3287 527
3287 3324
3287 526
3287 3367
3287 3284
3287 5116
3287 5140
3287 19098
3324 19092
3324 3287
3324 4980
3324 5083
3324 19097
3324 3990
3324 3285
3324 5115
3324 4984
3324 5138
3324 19096
3324 5084
3324 525
3324 4983
3324 5118
3324 4975
3324 18700
3324 4977
3324 5113
3324 4988
3324 3170
3324 3368
3324 5112
3324 4987
3324 3222
3324 527
3324 526
3324 3367
3324 3284
3324 5116
3324 5140
3324 19098
3367 5121
3367 19092
3367 3287
3367 4980
3367 19097
3367 3990
3367 3285
3367 5115
3367 4984
3367 4982
3367 19096
3367 5084
3367 525
3367 4983
3367 5118
3367 4975
3367 18700
3367 4977
3367 5113
3367 4988
3367 3170
3367 3368
3367 5112
3367 4987
3367 3222
3367 527
3367 3324
3367 526
3367 3284
3367 5116
3367 19295
3367 5140
3368 5121
3368 19092
3368 3287
3368 4980
3368 3990
3368 3285
3368 5115
3368 4984
3368 5138
3368 5084
3368 525
3368 4983
3368 5118
3368 4975
3368 18700
3368 4977
3368 5113
3368 4988
3368 3170
3368 5112
3368 4987
3368 3222
3368 527
3368 3324
3368 526
3368 3367
3368 3284
3368 5116
3954 3287
3954 4980
3954 5083
3954 19097
3954 3990
3954 3285
3954 4984
3954 4982
3954 5138
3954 525
3954 21502
3954 4983
3954 4975
3954 18700
3954 4977
3954 5045
3954 5113
3954 3368
3954 18971
3954 5112
3954 21503
3954 4987
3954 3222
3954 527
3954 3324
3954 3367
3954 3284
3954 19295
3954 5140
3954 21501
3954 21496
3973 21556
3973 3285
3973 21559
3973 3368
3973 18971
3973 3222
3973 21557
3973 3324
3973 3367
3973 21421
3973 21564
3973 3954
3980 3287
3980 4980
3980 5083
3980 19097
3980 3990
3980 3285
3980 4984
3980 4982
3980 5138
3980 19096
3980 525
3980 21594
3980 21502
3980 4983
3980 5118
3980 4975
3980 18700
3980 4977
3980 5113
3980 3368
3980 5112
3980 4987
3980 5120
3980 3222
3980 527
3980 3324
3980 3367
3980 3284
3980 5116
3980 19295
3980 21501
3990 3287
3990 4980
3990 5083
3990 19097
3990 3285
3990 5115
3990 4984
3990 5138
3990 19096
3990 5084
3990 525
3990 4983
3990 5118
3990 4975
3990 18700
3990 4977
3990 5113
3990 4988
3990 3170
3990 3368
3990 5112
3990 4987
3990 3222
3990 527
3990 3324
3990 526
3990 3367
3990 3284
3990 5116
3990 19295
3990 5140
3990 19098
4009 19092
4009 3287
4009 4980
4009 5083
4009 3990
4009 3285
4009 4984
4009 4982
4009 5138
4009 5085
4009 19096
4009 5084
4009 525
4009 4983
4009 4975
4009 18700
4009 4977
4009 5113
4009 3368
4009 5112
4009 4987
4009 3222
4009 527
4009 3324
4009 3367
4009 3284
4009 5116
4009 5140
4011 5121
4011 19092
4011 3990
4011 5115
4011 4983
4011 5113
4011 4988
4011 3368
4011 4987
4011 3222
4011 527
4011 3324
4011 3367
4011 3284
4011 5116
4011 19295
4011 4981
4975 5121
4975 19092
4975 3287
4975 4980
4975 3990
4975 3285
4975 5115
4975 4984
4975 19096
4975 5084
4975 525
4975 4983
4975 5118
4975 18700
4975 4977
4975 5113
4975 4988
4975 3170
4975 3368
4975 5112
4975 4987
4975 3222
4975 527
4975 3324
4975 526
4975 3367
4975 3284
4975 5116
4975 5140
4975 19098
4977 5121
4977 19092
4977 3287
4977 4980
4977 5083
4977 3990
4977 3285
4977 5115
4977 4984
4977 5084
4977 525
4977 4983
4977 5118
4977 4975
4977 18700
4977 5113
4977 4988
4977 3170
4977 3368
4977 5112
4977 4987
4977 3222
4977 527
4977 3324
4977 526
4977 3367
4977 3284
4977 5116
4977 5140
4980 26384
4980 3287
4980 26387
4980 5083
4980 26386
4980 19097
4980 3990
4980 3285
4980 5115
4980 4984
4980 4982
4980 5138
4980 19096
4980 5084
4980 525
4980 4983
4980 5118
4980 4975
4980 18700
4980 4977
4980 5045
4980 5113
4980 4988
4980 3170
4980 3368
4980 5112
4980 21503
4980 4987
4980 3222
4980 527
4980 3324
4980 526
4980 3367
4980 26385
4980 3284
4980 5116
4980 19295
4980 5140
4980 21501
4980 19098
4981 19092
4981 3287
4981 4980
4981 5083
4981 3990
4981 3285
4981 5115
4981 4984
4981 4982
4981 5138
4981 5084
4981 525
4981 4983
4981 5118
4981 4975
4981 4977
4981 5113
4981 4988
4981 3170
4981 3368
4981 5112
4981 4987
4981 3222
4981 527
4981 3324
4981 526
4981 3367
4981 3284
4981 5116
4981 19295
4982 3287
4982 4980
4982 26387
4982 5083
4982 26386
4982 19097
4982 3990
4982 3285
4982 5115
4982 4984
4982 5138
4982 19096
4982 5084
4982 525
4982 21502
4982 4983
4982 5118
4982 4975
4982 18700
4982 4977
4982 5045
4982 5113
4982 3368
4982 5112
4982 21503
4982 4987
4982 3222
4982 527
4982 3324
4982 526
4982 3367
4982 3284
4982 5116
4982 19295
4982 5140
4982 21501
4982 21421
4983 3287
4983 4980
4983 19097
4983 3990
4983 3285
4983 5115
4983 4984
4983 5138
4983 5084
4983 525
4983 5118
4983 4975
4983 18700
4983 4977
4983 5113
4983 4988
4983 3170
4983 3368
4983 5112
4983 4987
4983 3222
4983 527
4983 3324
4983 526
4983 3367
4983 3284
4983 5116
4983 19295
4983 5140
4983 19098
4984 26384
4984 19092
4984 3287
4984 4980
4984 5083
4984 19097
4984 3990
4984 3285
4984 5115
4984 4982
4984 5138
4984 19096
4984 5084
4984 525
4984 4983
4984 5118
4984 4975
4984 18700
4984 4977
4984 5113
4984 4988
4984 3170
4984 3368
4984 5112
4984 4987
4984 3222
4984 527
4984 3324
4984 526
4984 3367
4984 3284
4984 5116
4984 19295
4984 5140
4984 19098
4987 26384
4987 19092
4987 3287
4987 4980
4987 5083
4987 19097
4987 3990
4987 3285
4987 5115
4987 4984
4987 5138
4987 19096
4987 5084
4987 525
4987 4983
4987 5118
4987 4975
4987 18700
4987 4977
4987 5113
4987 4988
4987 3170
4987 3368
4987 5112
4987 3222
4987 527
4987 3324
4987 526
4987 3367
4987 3284
4987 5116
4987 19295
4987 5140
4987 19098
4988 26384
4988 3287
4988 4980
4988 3990
4988 3285
4988 5115
4988 4984
4988 5084
4988 525
4988 4983
4988 5118
4988 4975
4988 4977
4988 5113
4988 3170
4988 3368
4988 5112
4988 4987
4988 3222
4988 527
4988 3324
4988 526
4988 3367
4988 3284
4988 5116
4988 19295
4988 19098
4988 4981
5022 26384
5022 3287
5022 4980
5022 26387
5022 5083
5022 19097
5022 3990
5022 3285
5022 4984
5022 4982
5022 5138
5022 5084
5022 525
5022 4983
5022 5118
5022 4975
5022 18700
5022 4977
5022 5113
5022 4988
5022 3368
5022 5112
5022 21503
5022 4987
5022 3222
5022 527
5022 3324
5022 3367
5022 26385
5022 3284
5022 26445
5022 5116
5022 19295
5022 19098
5045 26384
5045 19092
5045 3287
5045 4980
5045 26387
5045 5083
5045 26386
5045 19097
5045 3990
5045 3285
5045 4984
5045 4982
5045 5138
5045 19096
5045 5084
5045 525
5045 4983
5045 5118
5045 4975
5045 18700
5045 4977
5045 5113
5045 4988
5045 3368
5045 5112
5045 4987
5045 3222
5045 527
5045 3324
5045 526
5045 3367
5045 26385
5045 3284
5045 5116
5045 19295
5045 5140
5074 18846
5074 4988
5074 3368
5074 3284
5083 21445
5083 3287
5083 4980
5083 19097
5083 3990
5083 3285
5083 5115
5083 4984
5083 26582
5083 5138
5083 5085
5083 19096
5083 5084
5083 525
5083 4983
5083 5118
5083 4975
5083 18700
5083 4977
5083 5113
5083 4988
5083 3170
5083 3368
5083 5112
5083 4987
5083 3222
5083 527
5083 3324
5083 526
5083 3367
5083 3284
5083 5116
5083 19295
5083 5140
5083 19098
5084 26384
5084 19092
5084 3287
5084 4980
5084 5083
5084 19097
5084 3990
5084 3285
5084 5115
5084 4984
5084 5138
5084 19096
5084 525
5084 4983
5084 5118
5084 4975
5084 18700
5084 4977
5084 5113
5084 4988
5084 3170
5084 3368
5084 5112
5084 4987
5084 3222
5084 527
5084 3324
5084 526
5084 3367
5084 3284
5084 5116
5084 19295
5084 5140
5084 19098
5085 21445
5085 3287
5085 5083
5085 3990
5085 3285
5085 21590
5085 5115
5085 4984
5085 5084
5085 525
5085 4975
5085 18700
5085 4977
5085 3170
5085 3368
5085 5112
5085 4987
5085 5120
5085 3222
5085 527
5085 3324
5085 526
5085 3367
5085 3284
5085 5116
5085 21564
5105 19082
5105 19295
5112 26384
5112 19092
5112 3287
5112 4980
5112 5083
5112 19097
5112 3990
5112 3285
5112 5115
5112 4984
5112 5138
5112 19096
5112 5084
5112 525
5112 4983
5112 5118
5112 4975
5112 18700
5112 4977
5112 5113
5112 4988
5112 3170
5112 3368
5112 4987
5112 3222
5112 527
5112 3324
5112 526
5112 3367
5112 3284
5112 5116
5112 19295
5112 5140
5112 19098
5113 26384
5113 19092
5113 3287
5113 4980
5113 5083
5113 19097
5113 3990
5113 3285
5113 5115
5113 4984
5113 5138
5113 19096
5113 5084
5113 525
5113 4983
5113 5118
5113 4975
5113 18700
5113 4977
5113 4988
5113 5175
5113 3170
5113 3368
5113 5112
5113 4987
5113 3222
5113 527
5113 3324
5113 526
5113 3367
5113 3284
5113 5116
5113 19295
5113 5140
5113 19098
5115 5121
5115 19092
5115 3287
5115 4980
5115 5083
5115 3990
5115 3285
5115 4984
5115 525
5115 4983
5115 4975
5115 4977
5115 5113
5115 4988
5115 3170
5115 3368
5115 5112
5115 4987
5115 3222
5115 527
5115 3324
5115 526
5115 3367
5115 3284
5115 5116
5116 26384
5116 19092
5116 3287
5116 4980
5116 5083
5116 19097
5116 3990
5116 3285
5116 5115
5116 4984
5116 5138
5116 19096
5116 5084
5116 525
5116 4983
5116 5118
5116 4975
5116 18700
5116 4977
5116 5113
5116 4988
5116 3170
5116 3368
5116 5112
5116 4987
5116 3222
5116 527
5116 3324
5116 526
5116 3367
5116 3284
5116 19295
5116 5140
5116 19098
5118 26384
5118 19092
5118 3287
5118 4980
5118 26387
5118 5083
5118 19097
5118 3990
5118 3285
5118 5115
5118 4984
5118 5138
5118 19096
5118 5084
5118 525
5118 4983
5118 4975
5118 18700
5118 4977
5118 5113
5118 4988
5118 3170
5118 3368
5118 5112
5118 21503
5118 4987
5118 3222
5118 527
5118 3324
5118 526
5118 3367
5118 26385
5118 3284
5118 5116
5118 19295
5118 5140
5118 19098
5120 3287
5120 4980
5120 5083
5120 3990
5120 3285
5120 5115
5120 4984
5120 4982
5120 26582
5120 5138
5120 19096
5120 5084
5120 525
5120 4983
5120 5118
5120 4975
5120 4977
5120 5113
5120 4988
5120 3170
5120 3368
5120 5112
5120 4987
5120 3222
5120 527
5120 3324
5120 526
5120 3367
5120 3284
5120 5116
5120 19098
5121 19092
5121 3287
5121 3990
5121 3285
5121 5115
5121 5084
5121 525
5121 4975
5121 4977
5121 5113
5121 4988
5121 3170
5121 3368
5121 5112
5121 4987
5121 3222
5121 527
5121 3324
5121 526
5121 3367
5121 3284
5138 3287
5138 4980
5138 5083
5138 19097
5138 3990
5138 3285
5138 4984
5138 19096
5138 5084
5138 525
5138 4983
5138 5118
5138 4975
5138 18700
5138 4977
5138 5113
5138 4988
5138 3170
5138 3368
5138 5112
5138 4987
5138 3222
5138 527
5138 3324
5138 526
5138 3367
5138 3284
5138 5116
5138 19295
5138 19098
5140 26384
5140 19092
5140 3287
5140 4980
5140 5083
5140 26386
5140 19097
5140 3990
5140 3285
5140 4984
5140 4982
5140 5138
5140 19096
5140 5084
5140 525
5140 4983
5140 5118
5140 4975
5140 18700
5140 4977
5140 5045
5140 5113
5140 5175
5140 3170
5140 3368
5140 5112
5140 4987
5140 3222
5140 527
5140 3324
5140 526
5140 3367
5140 26385
5140 3284
5140 5116
5140 19295
5175 19092
5175 3287
5175 4980
5175 26387
5175 5083
5175 26386
5175 19097
5175 3990
5175 3285
5175 4984
5175 4982
5175 5138
5175 19096
5175 5084
5175 525
5175 4983
5175 5118
5175 4975
5175 18700
5175 4977
5175 5045
5175 5113
5175 3368
5175 5112
5175 4987
5175 3222
5175 527
5175 3324
5175 3367
5175 26385
5175 3284
5175 5116
5175 5140
5181 3287
5181 4980
5181 3990
5181 3285
5181 4984
5181 5138
5181 525
5181 4983
5181 4975
5181 4977
5181 3170
5181 3368
5181 3222
5181 527
5181 3324
5181 526
5181 3367
5181 3284
5181 5116
18700 26384
18700 3287
18700 4980
18700 5083
18700 19097
18700 3990
18700 3285
18700 4984
18700 4982
18700 5138
18700 19096
18700 5084
18700 525
18700 4983
18700 5118
18700 4975
18700 4977
18700 5113
18700 4988
18700 3170
18700 3368
18700 5112
18700 21503
18700 4987
18700 3222
18700 527
18700 3324
18700 526
18700 3367
18700 3284
18700 5116
18700 19295
18700 5140
18700 19098
18841 3287
18841 4980
18841 5083
18841 19097
18841 3990
18841 3285
18841 5115
18841 4984
18841 4982
18841 5138
18841 5085
18841 525
18841 4983
18841 5118
18841 4975
18841 18700
18841 4977
18841 4988
18841 3170
18841 3368
18841 5112
18841 19082
18841 4987
18841 3222
18841 527
18841 3324
18841 526
18841 3367
18841 3284
18841 21449
18841 19295
18841 21421
18846 5121
18846 19092
18846 3287
18846 3990
18846 3285
18846 5115
18846 4984
18846 5084
18846 525
18846 4983
18846 4975
18846 4977
18846 5113
18846 4988
18846 3368
18846 5112
18846 4987
18846 3222
18846 527
18846 3324
18846 3367
18846 3284
18971 3287
18971 4980
18971 5083
18971 3990
18971 3285
18971 4984
18971 19096
18971 5084
18971 525
18971 4983
18971 4975
18971 4977
18971 5045
18971 3170
18971 3368
18971 4987
18971 3222
18971 527
18971 3324
18971 526
18971 3367
18971 3284
18971 5116
18971 5140
19082 3287
19082 4980
19082 26387
19082 5083
19082 3285
19082 4984
19082 4982
19082 525
19082 4975
19082 4977
19082 5113
19082 4988
19082 3170
19082 3368
19082 3222
19082 527
19082 526
19082 3367
19082 19295
19082 4981
19092 3287
19092 4980
19092 5083
19092 19097
19092 3990
19092 3285
19092 5115
19092 4984
19092 19096
19092 5084
19092 525
19092 4983
19092 5118
19092 4975
19092 4977
19092 5113
19092 4988
19092 5175
19092 3368
19092 5112
19092 4987
19092 3222
19092 527
19092 3324
19092 3367
19092 26385
19092 3284
19092 5116
19092 19295
19092 5140
19096 19092
19096 3287
19096 4980
19096 5083
19096 26386
19096 19097
19096 3990
19096 3285
19096 5115
19096 4984
19096 4982
19096 5138
19096 5084
19096 525
19096 4983
19096 5118
19096 4975
19096 18700
19096 4977
19096 5113
19096 4988
19096 3170
19096 3368
19096 5112
19096 4987
19096 3222
19096 527
19096 3324
19096 526
19096 3367
19096 3284
19096 5116
19096 19295
19096 5140
19097 26384
19097 19092
19097 3287
19097 4980
19097 26387
19097 5083
19097 26386
19097 3990
19097 3285
19097 4984
19097 5138
19097 19096
19097 5084
19097 525
19097 4983
19097 5118
19097 4975
19097 18700
19097 4977
19097 5113
19097 4988
19097 5175
19097 3170
19097 3368
19097 5112
19097 21503
19097 4987
19097 3222
19097 527
19097 3324
19097 526
19097 3367
19097 26385
19097 3284
19097 5116
19097 19295
19097 5140
19097 19098
19098 26384
19098 3287
19098 4980
19098 26387
19098 5083
19098 5022
19098 19097
19098 3990
19098 3285
19098 5115
19098 4984
19098 5138
19098 19096
19098 5084
19098 525
19098 4983
19098 5118
19098 4975
19098 18700
19098 4977
19098 5113
19098 4988
19098 3170
19098 3368
19098 5112
19098 21503
19098 4987
19098 3222
19098 527
19098 3324
19098 526
19098 3367
19098 26385
19098 3284
19098 26445
19098 5116
19098 19295
19098 21421
19295 26384
19295 19092
19295 3287
19295 4980
19295 26387
19295 5083
19295 5022
19295 19097
19295 3990
19295 3285
19295 5115
19295 4984
19295 5138
19295 19096
19295 5084
19295 525
19295 4983
19295 5118
19295 4975
19295 18700
19295 4977
19295 5113
19295 4988
19295 3170
19295 3368
19295 5112
19295 21503
19295 4987
19295 3222
19295 527
19295 3324
19295 526
19295 3367
19295 3284
19295 5116
19295 5140
19295 19098
21421 3287
21421 4980
21421 5083
21421 19097
21421 3990
21421 3285
21421 4984
21421 4982
21421 5138
21421 19096
21421 5084
21421 525
21421 4983
21421 5118
21421 4975
21421 18700
21421 4977
21421 5113
21421 4988
21421 3170
21421 3368
21421 5112
21421 4987
21421 3222
21421 527
21421 3324
21421 526
21421 3367
21421 3284
21421 5116
21421 19295
21421 5140
21421 19098
21430 3170
21430 3222
21430 526
21445 26384
21445 3287
21445 4980
21445 5083
21445 3285
21445 21590
21445 4982
21445 5085
21445 5084
21445 525
21445 21502
21445 4975
21445 4977
21445 5113
21445 3368
21445 3222
21445 527
21445 3324
21445 526
21445 3367
21445 26385
21445 3284
21445 19295
21445 21601
21445 4009
21445 21564
21449 18846
21449 4980
21449 5083
21449 21451
21449 19097
21449 3990
21449 4982
21449 5084
21449 5118
21449 18700
21449 5113
21449 3368
21449 18841
21449 5112
21449 4987
21449 3367
21449 5116
21449 19295
21449 5140
21449 21501
21451 5121
21451 4980
21451 19097
21451 3990
21451 4982
21451 21594
21451 21502
21451 18700
21451 5113
21451 3368
21451 21608
21451 3367
21451 5116
21451 21449
21451 19295
21451 21501
21451 21496
21491 3287
21491 4980
21491 5083
21491 19097
21491 3990
21491 3285
21491 5115
21491 26582
21491 525
21491 4983
21491 18700
21491 4977
21491 5113
21491 26791
21491 3368
21491 5120
21491 3222
21491 527
21491 3324
21491 3367
21491 3284
21491 21421
21496 3287
21496 4980
21496 5083
21496 26386
21496 19097
21496 3990
21496 3285
21496 5115
21496 4984
21496 4982
21496 5138
21496 19096
21496 5084
21496 525
21496 4983
21496 5118
21496 4975
21496 18700
21496 4977
21496 5045
21496 5113
21496 4988
21496 3368
21496 5112
21496 4987
21496 3222
21496 527
21496 3324
21496 526
21496 3367
21496 3284
21496 5116
21496 19295
21496 5140
21496 19098
21496 21421
21497 3287
21497 4980
21497 3990
21497 3285
21497 4984
21497 525
21497 4975
21497 4977
21497 3170
21497 3368
21497 3222
21497 527
21497 3324
21497 526
21497 3367
21497 3284
21501 26384
21501 19092
21501 4980
21501 26387
21501 5083
21501 5022
21501 26386
21501 19097
21501 3990
21501 5115
21501 4982
21501 26582
21501 5138
21501 19096
21501 5084
21501 21502
21501 5118
21501 18700
21501 5045
21501 5113
21501 4988
21501 3368
21501 5112
21501 21503
21501 4987
21501 3222
21501 527
21501 3324
21501 3367
21501 26385
21501 5116
21501 19295
21501 5140
21501 19098
21501 21421
21501 21496
21501 4981
21502 5121
21502 26771
21502 26384
21502 19092
21502 4980
21502 26387
21502 26515
21502 26514
21502 5022
21502 26386
21502 21590
21502 26545
21502 4982
21502 26582
21502 5045
21502 5175
21502 3368
21502 21608
21502 26544
21502 3367
21502 26385
21502 26445
21502 19295
21502 21601
21502 21501
21502 19098
21502 21421
21502 21496
21503 26384
21503 19092
21503 3287
21503 4980
21503 26387
21503 5083
21503 5022
21503 26386
21503 19097
21503 3990
21503 3285
21503 4984
21503 4982
21503 5138
21503 19096
21503 5084
21503 525
21503 4983
21503 5118
21503 4975
21503 18700
21503 4977
21503 5113
21503 4988
21503 3170
21503 3368
21503 5112
21503 4987
21503 3222
21503 527
21503 3324
21503 526
21503 3367
21503 26385
21503 3284
21503 26445
21503 5116
21503 19295
21503 5140
21503 19098
21507 26771
21507 4980
21507 5083
21507 3990
21507 4982
21507 5138
21507 18700
21507 5113
21507 3368
21507 18971
21507 3980
21507 4987
21507 3222
21507 527
21507 3324
21507 3367
21507 5116
21507 21501
21507 3973
21507 4009
21507 3954
21507 21496
21510 3287
21510 4980
21510 5022
21510 3990
21510 3285
21510 4982
21510 21502
21510 4975
21510 4977
21510 5045
21510 3170
21510 3368
21510 18971
21510 3222
21510 527
21510 3324
21510 526
21510 3367
21510 19295
21510 21501
21533 19092
21533 4980
21533 5022
21533 26386
21533 19097
21533 3990
21533 4982
21533 19096
21533 5084
21533 21502
21533 5118
21533 18700
21533 5045
21533 5113
21533 3368
21533 5112
21533 21503
21533 4987
21533 3367
21533 26445
21533 5116
21533 19295
21533 5140
21533 21601
21533 21501
21533 21496
21545 3368
21545 26792
21545 18971
21545 3367
21556 5121
21556 26384
21556 19092
21556 18846
21556 4980
21556 26387
21556 26386
21556 3990
21556 21590
21556 5115
21556 4982
21556 26582
21556 21594
21556 5045
21556 5113
21556 5175
21556 3368
21556 18971
21556 21557
21556 3367
21556 26385
21556 5116
21556 19295
21556 21601
21556 3973
21556 21421
21556 4009
21556 21496
21556 4981
21557 26384
21557 21556
21557 19092
21557 4980
21557 26387
21557 26386
21557 3990
21557 5115
21557 4982
21557 26582
21557 21594
21557 5045
21557 5113
21557 5175
21557 3368
21557 19082
21557 3367
21557 26385
21557 5116
21557 19295
21557 21601
21557 3973
21557 21421
21557 4981
21559 3287
21559 4980
21559 5083
21559 3990
21559 3285
21559 4984
21559 4982
21559 5138
21559 525
21559 4983
21559 4975
21559 4977
21559 5045
21559 3368
21559 18971
21559 4987
21559 3222
21559 527
21559 3324
21559 3367
21559 3284
21559 5116
21559 21564
21564 21445
21564 3287
21564 4980
21564 5083
21564 3990
21564 3285
21564 4982
21564 5085
21564 21559
21564 525
21564 21502
21564 4977
21564 5113
21564 3368
21564 5120
21564 3222
21564 527
21564 3324
21564 3367
21564 5116
21564 4981
21590 26384
21590 19092
21590 4980
21590 26387
21590 5083
21590 5022
21590 26386
21590 19097
21590 3990
21590 5115
21590 4982
21590 26582
21590 5085
21590 19096
21590 5084
21590 21502
21590 5118
21590 5045
21590 5113
21590 3368
21590 5112
21590 21503
21590 4987
21590 3222
21590 3324
21590 3367
21590 26385
21590 5116
21590 19295
21590 5140
21590 21601
21590 21501
21590 21421
21590 4009
21590 4981
21594 3287
21594 4980
21594 5083
21594 19097
21594 3990
21594 3285
21594 4984
21594 4982
21594 5138
21594 19096
21594 525
21594 4983
21594 5118
21594 4975
21594 18700
21594 4977
21594 5113
21594 3170
21594 3368
21594 5112
21594 4987
21594 3222
21594 527
21594 3324
21594 526
21594 3367
21594 3284
21594 5116
21594 5140
21594 21421
21599 21451
21599 3990
21599 21590
21599 21594
21599 3368
21599 3980
21599 21602
21599 4981
21601 26384
21601 19092
21601 3287
21601 4980
21601 26387
21601 5083
21601 26386
21601 19097
21601 3990
21601 3285
21601 5115
21601 4984
21601 4982
21601 26582
21601 19096
21601 5084
21601 4983
21601 5118
21601 4975
21601 4977
21601 5045
21601 5113
21601 3368
21601 5112
21601 4987
21601 3222
21601 527
21601 3324
21601 3367
21601 26385
21601 3284
21601 5116
21601 19295
21601 5140
21601 21421
21602 21599
21602 3990
21602 21590
21602 21594
21602 18700
21602 26791
21602 3368
21602 3980
21608 3287
21608 4980
21608 19097
21608 3990
21608 3285
21608 5115
21608 4984
21608 4982
21608 5138
21608 19096
21608 5084
21608 525
21608 4983
21608 5118
21608 4975
21608 18700
21608 4977
21608 5113
21608 3170
21608 3368
21608 5112
21608 4987
21608 3222
21608 527
21608 3324
21608 526
21608 3367
21608 3284
21608 5116
21608 5140
21614 5138
21614 4983
21614 3368
21614 26802
21614 527
21614 3367
21734 3287
21734 4980
21734 3990
21734 3285
21734 5115
21734 4984
21734 4982
21734 525
21734 4983
21734 4975
21734 18700
21734 4977
21734 3170
21734 3368
21734 21608
21734 527
21734 3324
21734 526
21734 3367
21734 5140
26349 26384
26349 19092
26349 3287
26349 4980
26349 5022
26349 26386
26349 19097
26349 3990
26349 3285
26349 5115
26349 4984
26349 4982
26349 5138
26349 19096
26349 5084
26349 525
26349 4983
26349 5118
26349 4975
26349 4977
26349 5113
26349 3368
26349 5112
26349 4987
26349 3222
26349 527
26349 3324
26349 526
26349 3367
26349 3284
26349 5116
26349 19295
26349 5140
26349 21501
26350 26384
26350 4980
26350 19097
26350 3990
26350 5115
26350 5138
26350 5085
26350 19096
26350 21594
26350 4983
26350 5118
26350 18700
26350 5113
26350 3368
26350 5112
26350 4987
26350 3222
26350 527
26350 3324
26350 3367
26350 3284
26350 5116
26350 21501
26350 4981
26362 26384
26362 19092
26362 4980
26362 26387
26362 5022
26362 19097
26362 3990
26362 4982
26362 5138
26362 19096
26362 5084
26362 21502
26362 4983
26362 5118
26362 18700
26362 5045
26362 5113
26362 4988
26362 5175
26362 3368
26362 5112
26362 21503
26362 4987
26362 3222
26362 527
26362 3324
26362 3367
26362 26385
26362 3284
26362 5116
26362 19295
26362 5140
26362 21501
26362 19098
26362 21421
26367 3287
26367 4980
26367 19097
26367 3990
26367 3285
26367 4984
26367 4982
26367 5138
26367 19096
26367 525
26367 21502
26367 4983
26367 4975
26367 18700
26367 4977
26367 5045
26367 5113
26367 3368
26367 5112
26367 4987
26367 3222
26367 527
26367 3324
26367 3367
26367 3284
26367 5116
26367 19295
26367 5140
26367 21501
26367 21421
26384 19092
26384 3287
26384 4980
26384 26387
26384 5083
26384 5022
26384 19097
26384 3990
26384 3285
26384 4984
26384 5138
26384 19096
26384 5084
26384 525
26384 4983
26384 5118
26384 4975
26384 18700
26384 4977
26384 5113
26384 4988
26384 3170
26384 3368
26384 5112
26384 21503
26384 4987
26384 3222
26384 527
26384 3324
26384 526
26384 3367
26384 26385
26384 3284
26384 26445
26384 5116
26384 19295
26384 5140
26384 19098
26385 26384
26385 19092
26385 3287
26385 4980
26385 26387
26385 5083
26385 5022
26385 26386
26385 19097
26385 3990
26385 3285
26385 4984
26385 4982
26385 5138
26385 19096
26385 5084
26385 525
26385 4983
26385 5118
26385 4975
26385 18700
26385 4977
26385 5045
26385 5113
26385 4988
26385 3368
26385 5112
26385 21503
26385 4987
26385 3222
26385 527
26385 3324
26385 526
26385 3367
26385 3284
26385 5116
26385 19295
26385 5140
26385 19098
26386 26384
26386 19092
26386 3287
26386 4980
26386 26387
26386 5083
26386 19097
26386 3990
26386 3285
26386 4984
26386 4982
26386 5138
26386 19096
26386 5084
26386 525
26386 4983
26386 5118
26386 4975
26386 18700
26386 4977
26386 5045
26386 5113
26386 4988
26386 3170
26386 3368
26386 5112
26386 21503
26386 4987
26386 3222
26386 527
26386 3324
26386 526
26386 3367
26386 26385
26386 3284
26386 5116
26386 19295
26386 5140
26387 26384
26387 19092
26387 3287
26387 4980
26387 5083
26387 5022
26387 26386
26387 19097
26387 3990
26387 3285
26387 4984
26387 4982
26387 5138
26387 19096
26387 5084
26387 525
26387 4983
26387 5118
26387 4975
26387 18700
26387 4977
26387 5045
26387 5113
26387 4988
26387 3368
26387 5112
26387 21503
26387 4987
26387 3222
26387 527
26387 3324
26387 526
26387 3367
26387 26385
26387 3284
26387 26445
26387 5116
26387 19295
26387 5140
26387 19098
26445 26384
26445 19092
26445 3287
26445 4980
26445 26387
26445 5083
26445 5022
26445 26386
26445 19097
26445 3990
26445 3285
26445 4984
26445 4982
26445 5138
26445 19096
26445 5084
26445 525
26445 4983
26445 5118
26445 4975
26445 18700
26445 4977
26445 5045
26445 5113
26445 4988
26445 3368
26445 5112
26445 21503
26445 4987
26445 3222
26445 527
26445 3324
26445 526
26445 3367
26445 26385
26445 3284
26445 5116
26445 19295
26445 5140
26445 19098
26445 21421
26514 19092
26514 3287
26514 4980
26514 26515
26514 26386
26514 19097
26514 3990
26514 3285
26514 4984
26514 4982
26514 5138
26514 19096
26514 5084
26514 4983
26514 5118
26514 18700
26514 4977
26514 5045
26514 5113
26514 4988
26514 5175
26514 3368
26514 5112
26514 4987
26514 3222
26514 527
26514 3324
26514 3367
26514 26385
26514 3284
26514 5116
26514 5140
26514 21501
26515 26384
26515 19092
26515 4980
26515 26387
26515 5083
26515 26514
26515 5022
26515 26386
26515 19097
26515 3990
26515 5115
26515 4982
26515 5138
26515 19096
26515 4983
26515 5118
26515 18700
26515 5045
26515 5113
26515 4988
26515 5175
26515 3368
26515 5112
26515 4987
26515 3222
26515 26544
26515 527
26515 3324
26515 3367
26515 26385
26515 3284
26515 5116
26515 19295
26515 5140
26515 21501
26544 19092
26544 4980
26544 26515
26544 26514
26544 5022
26544 26386
26544 19097
26544 3990
26544 26545
26544 5115
26544 4982
26544 5138
26544 19096
26544 5084
26544 21502
26544 4983
26544 5118
26544 18700
26544 5045
26544 5113
26544 4988
26544 5175
26544 3368
26544 5112
26544 4987
26544 3222
26544 527
26544 3324
26544 3367
26544 26385
26544 3284
26544 26445
26544 5116
26544 19295
26544 5140
26544 21501
26544 21496
26545 26384
26545 3287
26545 4980
26545 26387
26545 5083
26545 5022
26545 26386
26545 19097
26545 3990
26545 3285
26545 4984
26545 4982
26545 5138
26545 19096
26545 5084
26545 525
26545 4983
26545 5118
26545 4975
26545 18700
26545 4977
26545 5045
26545 5113
26545 4988
26545 3368
26545 5112
26545 21503
26545 4987
26545 3222
26545 527
26545 3324
26545 526
26545 3367
26545 26385
26545 3284
26545 26445
26545 5116
26545 19295
26545 5140
26545 19098
26545 21421
26578 3287
26578 4980
26578 5083
26578 19097
26578 3990
26578 3285
26578 4984
26578 4982
26578 26582
26578 5138
26578 19096
26578 5084
26578 525
26578 21502
26578 4983
26578 5118
26578 4975
26578 18700
26578 4977
26578 5045
26578 5113
26578 4988
26578 3170
26578 3368
26578 5112
26578 4987
26578 3222
26578 527
26578 3324
26578 526
26578 3367
26578 3284
26578 5116
26578 19295
26578 5140
26578 21501
26578 21496
26582 26384
26582 19092
26582 3287
26582 4980
26582 26387
26582 5083
26582 26386
26582 19097
26582 3990
26582 3285
26582 5115
26582 4984
26582 4982
26582 5138
26582 19096
26582 5084
26582 525
26582 4983
26582 5118
26582 4975
26582 18700
26582 4977
26582 5045
26582 5113
26582 3368
26582 5112
26582 4987
26582 5120
26582 3222
26582 527
26582 3324
26582 3367
26582 26385
26582 3284
26582 5116
26582 19295
26582 5140
26582 21421
26771 5121
26771 19092
26771 3287
26771 3990
26771 3285
26771 5115
26771 4984
26771 5084
26771 525
26771 4983
26771 4975
26771 4977
26771 5113
26771 4988
26771 3368
26771 5112
26771 4987
26771 3222
26771 527
26771 3324
26771 526
26771 3367
26771 3284
26786 4980
26786 5083
26786 3990
26786 4982
26786 21594
26786 18700
26786 5175
26786 3368
26786 5112
26786 4987
26786 3367
26786 5116
26786 21421
26791 3287
26791 5083
26791 3990
26791 3285
26791 26582
26791 5138
26791 5085
26791 21559
26791 525
26791 4983
26791 4975
26791 4977
26791 5045
26791 3368
26791 26792
26791 4987
26791 5120
26791 3222
26791 527
26791 3324
26791 3367
26791 5116
26791 21496
26792 4980
26792 5083
26792 3990
26792 5115
26792 4982
26792 26582
26792 5138
26792 5085
26792 19096
26792 21559
26792 4983
26792 18700
26792 5045
26792 5113
26792 26791
26792 3368
26792 5112
26792 4987
26792 5120
26792 3222
26792 527
26792 3324
26792 3367
26792 5116
26792 4981
26802 26771
26802 26384
26802 19092
26802 4980
26802 26387
26802 5022
26802 26545
26802 4982
26802 26582
26802 21502
26802 5045
26802 3368
26802 21614
26802 26544
26802 3367
26802 26385
26802 26445
26802 19295
26802 21601
26802 21501
26802 19098
26802 21496
26810 26802
26810 21614
